3794171586662400
3794158676033540
3794125985580190
3794716602195980
3795071071411960
3794297709387790
3795034794942480
3795330782700910
3794381527863300
3794328767504410
3795495941625390
3794356723130400
3794229723643940
3791021928072550
3794052882890790
3794124639199280
3794283100160050
3795370486038580
3794095334219830
3794172043518010
3793998827683900
3794037876236350
3795460860936260
3794338712406710
3771426701680710
3794147968729160
3794113377353740
3794280382611530
3794157686636620
3794143702720590
3794275747577940
3794933838155790
3794034248425560
3794123615846490
3794166162915420
3795198197041850
3791453564309520
3795554423119970
3794056716902500
3794312057541990
3794172878020710
3795220422613500
3788888898489020
3794119153672300
3794483269345390
3794513002856560
3794706679035240
3794113226899570
3794317670162550
3794837901414420
3789984417284220
3788422898480490
3794552370888830
3793914089814720
3793991801405570
3795802336198790
3794114376474760
3795414975037580
3794118646202510
3794222559871120
3791423637341550
3770247666851990
3794205724131480
3794480886923420
3795208409739290
3794220227707040
3740323517595930
3793975775222470
3794531117867380
3794674341173960
3794114502377650
3794210765414580
3794717428555960
3794174467375290
3466226682437820
3793991349190850
3793992644780230
3797161571442890
3793982423171280
3725459235329400
3794107178885330
3794272068995790
3666384599261400
3793984327721180
3794245683316090
3794290952511710
3794989328565520
3794569156264160
3794349647519970
3794631747428580
3795576015122470
3794000529613030
3794218894015650
3796088584451100
3794714157219880
3793986827174140
3793938374570150
3793913879691520
3794492739657080
3789619470303490
3794170113747670
3794514046992650
3797161713624450
3794281908683030
3794184877663620
3794122626777370
3795069465706780
3794334161502500
3794491313915270
3794144638503090
3794104414429480
3795746019289820
3794901508579630
3795034216841520
3794160719274290
3758306545426740
3794491113131350
3794509449986360
3794534511553330
3794023947149630
3793940262011200
3794294395296480
3793055771263300
3793991848198470
3794189202645320
3794161239102860
3794268390523210
3794133615880090
3794151818461520
3796473600377170
3795397061132630
3794159540232250
3795051131898070
3794225584316770
3794372497276360
3795214956997350
3794052006510950
3794557269360700
3794120243478890
3794143329059180
3794138426220910
3794139479130480
3794374004040050
3794100911874420
3795042420556150
3794299331969400
3792338683666810
3794349609230720
3795620714582080
3794221817782660
3794200485642630
3794193334223240
3794070763544970
3794232814854540
3794112165486990
3794201097953680
3794070654394770
3792152016535960
3794647098614170
3794535617937820
3664952060215710
3793993185616290
3794528177950790
3794167484285350
3794107321737640
3794210119942570
3794319166923180
3750255960529650
3794000605348280
3795922725224890
3794533391589820
3794504454701130
3797170580357570
3794874216481220
3796289466431850
3793557838283210
3794352545661390
3794007656699300
3794318982351610
3794099834274270
3794262594273760
3794552123494480
3794555276640740
3795294284145620
3793952064889320
3794007065223660
3794965257310290
3794218386113010
3794325840642550
3793258813136980
3794684931252730
3794894940529150
3794221947257350
3794141815194120
3794529192748460
3794236769927690
3794176933626380
3794324950770190
3794250267574800
3794117547336210
3796149767480750
3794144931742230
3794235432116760
3793588444306180
3794141072343580
3791421452615770
3794293921292830
3794189152272930
3794173805240870
3794846873059880
3795049760916010
3785427201194760
3795051307626590
3794194411659830
3661739885249080
3794162300633660
3796074403320850
3794863415362120
3797070626095690
3794478031094350
3795243986145210
3794145874969170
3794305024098900
3794300242230030
3795418728744260
3794171951738980
3794542547570840
3794674680580540
3795717904235280
3794177957143140
3795467983085670
3792859440644710
3419890390393450
3794851139385560
3793921601946220
3786606198563440
3793999129453170
3794294911885940
3794708851351820
3794302528414330
3794245033050750
3794284346000000
3794317979796100
3795656101398070
3796670674273730
3613044132881040
3794219481055890
3795305876971630
3794239345656470
3794270966317720
3794590915822240
3796561257484400
3793905097622180
3794478428906150
3795612254501660
3794116808442540
3793041930838130
3794278650069680
3795293616988850
3794634835141300
3794356194722490
3794337579745980
3794122249282240
3794169237453600
3794180239609790
3792057895928520
3794309444470220
3795747029738190
3794648764417490
3793991835067090
3787226868064980
3795058446844630
3794715096842970
3797136489177820
3794528093728890
3794372526637790
3793978736206560
3796479682405090
3794216071045860
3794628556049190
3794149041758950
3796292406386670
3794357365229010
3793993144214260
3797250059150070
3794241300398840
3794155895227860
3795245915070600
3794136753054460
3794490332575190
3794239269396480
3795077464148780
3794103365927690
3794265660334860
3794083334480660
3795056898704150
3795262562210530
3794211008242460
3795873119331430
3794979777973040
3794272190980900
3794250397172520
3795365243086300
3794133242241980
3772071194739500
3794231116368690
3794115412599600
3791802001649800
3794377178317620
3793997091177270
3793871274730300
3795574342370110
3794134093693760
3795673901734710
3789076945756300
3794115189384010
3793981030663650
3794312892703570
3794281116147800
3794038899147610
3723922077901660
3794204095972190
3795017103303520
3794155392631650
3796022448653160
3795449062744210
3795029631763310
3794100119307120
3794188753748850
3794624924059300
3794350360308890
3793976320582520
3794164812088190
3794155496866690
3793956808827780
3797157968670870
3796315274506240
3794868784153480
3794130826371980
3794977068518210
3794823364395920
3794307284615320
3796156150609100
3796058058454510
3792976482517910
3795948885047440
3795994896999320
3794652371299140
3792711146920250
3794119908746140
3770769202807710
3794151487562040
3794028913345440
3793994540598180
3796694477444890
3794560830571430
3794134579585960
3794153505063850
3794194441626540
3794318026253810
3794816075072430
3794323126903730
3794126858757050
3794102892602300
3794159511028670
3794020809933760
3794223730140100
3796006350968310
3794001062388680
3794650130834380
3794173234856910
3794279803208660
3794236497476430
3794097368253400
3794013192487900
3794068762952670
3794204762924000
3794915417351140
3794698688794790
3794658364548070
3795336977630110
3794164754138100
3794273898337790
3794209809597430
3795585058259960
3794460062729210
3794111125341180
3794142570079230
3793918871405570
3789902758511620
3791641683133450
3791664617243660
3794290163090450
3794275462230190
3796448350839830
3794387886990360
3794153290343450
3794500210072410
3794888136926240
3794112425329700
3794013163463720
3793959229129770
3796651648828460
3794644925760560
3797226206159540
3794362737763380
3794474851009590
3794482028135480
3794119362954300
3793993978405950
3795296444358640
3794142679155780
3793934453494150
3793773685585420
3794285729801290
3794081459078220
3794697140937810
3794049377379420
3794696763403170
3794342403724030
3794339118974050
3793956665812070
3791231244808380
3795026557302290
3794686835369070
3794222236941160
3795072397362290
3794254768148670
3794128876250230
3794284752430200
3795385271272980
3794003763463290
3794332882871420
3794159796716670
3796395016537790
3781268259177600
3794974296404160
3794549422269570
3794918202147400
3796756456571430
3794140397782160
3794554459751570
3794145967260820
3794175776138390
3794259990176920
3794845066159260
3794211226698910
3794660427991920
3794346161210530
3794179392480420
3796377961849030
3794334514136230
3794719115261090
3794115739305130
3796068007371950
3794035728843960
3794178016339130
3794176963495100
3795235483747520
3778571790755360
3794043848590530
3794219061904580
3794720222282950
3794132700996810
3794275651298850
3793995555759310
3794982224192720
3794861406493560
3794318747444440
3794281057928410
3794955577109370
3794899238929630
3794253576488160
3794000127148240
3795201258624550
3794160329360620
3794532891975890
3794139466532080
3794208890520820
3794212963042550
3793994733184250
3795613231162620
3795217397933610
3794983167542530
3794111141897480
3794141773661450
3794571232131970
3782072328253760
3793949624108590
3794249105073430
3794185037727000
3794189323937050
3794218201548060
3796859489305890
3793856904906020
3794671806974130
3794470992446760
3794144659128540
3794364142970160
3795308108835720
3791084649841970
3794534754174260
3795678985528630
3794300296865080
3794294017770810
3794123343996220
3793991935658890
3794188753749310
3793096435245280
3794087938966850
3794342588172380
3794128305898820
3794248577291830
3794708201186630
3794940494539660
3794248124196170
3794209603929420
3794357624636750
3794656959243600
3795306535522910
3794489313600850
3794204029492110
3794307834332510
3794117534344550
3794176816678460
3794842502727020
3794224569058670
3794181262329200
3794203862041970
3793798159492470
3794203622237560
3794055421412730
3794517855946110
3794698017261120
3794150971753860
3794192684098950
3794216179729800
3794135297811850
3794161201791620
3795055401436070
3794190020683160
3794873129960860
3795041585890720
3793971900196260
3794848706536870
3794173717349800
3794876275492910
3794257388987820
3793975003694510
3780945909941680
3794111326709170
3794007731316150
3795192291146580
3794287097505210
3793986596709820
3794002678040000
3793057184513790
3795444498499010
3795388529911240
3795935148987980
3794095720154570
3794237260416460
3794182689168290
3794145283458510
3794137445254610
3790616947587260
3794104842765780
3794190251566550
3794378021742040
3563832892876250
3794280776377820
3794138900022750
3796663677896160
3794208533972450
3794879727576550
3796690236720620
3794965832816210
3794202963936750
3794128557499890
3796293539598590
3794181858518520
3794299735451220
3794174682170880
3794110601307650
3794205598467590
3792304810911240
3794060797928970
3794109582526040
3794007400220180
3795398168857120
3794694675195420
3793740050982430
3793954287658530
3794144252544550
3795996460664360
3795718160107100
3794347919246890
3794175194031660
3794169665324590
3794357536731400
3794117056083550
3776210964686390
3794167157614140
3795682706385290
3794139269203520
3794643466520160
3794192146753090
3794177207081910
3794309708951820
3797130344592850
3794219674011220
3795194442524260
3794122064176730
3431494247065180
3797193989217210
3794210707048030
3794632196580960
3794188854003300
3794344844461670
3794288406005350
3794305213113960
3795623062698940
3793997619480170
3794643042854510
3794162702919280
3794253635503730
3794623359043190
3794327325398630
3794714488604280
3794154481747580
3794103130719870
3792785859159680
3796059060645970
3794906940571670
3794108290385540
3794195234169110
3794458053486220
3793964383402110
3796159069890190
3791786285631120
3795231675494680
3794290495194770
3794332978816660
3793851992647320
3795246519147460
3782243665184410
3794693953037980
3793810733983390
3794162413979310
3794231631955620
3794168968840870
3796070054486300
3794155815700140
3794106825975470
3794112924993200
3794203467302580
3794248476264120
3794320258115260
3794397700851390
3794320081129150
3794218751045920
3794564119107190
3790046127212230
3793171018147530
3794001591625420
3796067890450910
3793593023629010
3796037808225230
3794156352702170
3794981782996700
3794144738993890
3794227287126310
3786726621611750
3796866884200060
3794370157733610
3789525769692910
3794180818290420
3790936179661780
3715676911387280
3795256820233970
3794085888784000
3794224170166020
3794546343160790
3790538400450310
3794112602031880
3794302851765890
3794248526210830
3796373688534800
3796055692610520
3783036024260370
3794519297942050
3797376965986070
3794186895992600
3794385172838020
3794282533693210
3797174615565510
3794092138380250
3794975860474160
3795309102139170
3794962066094910
3794155581286180
3794119409551150
3794150325987120
3794139554481970
3794902326325160
3794110320405470
3794023670392630
3794130125629240
3794510213490500
3794863780325190
3794340508084040
3794693005641550
3794484494534480
3794306734920270
3795597385017170
3788681850693460
3796009349695320
3793964752848730
3794131568256860
3794185511536480
3794155404404580
3794585912626150
3794231330170730
3794181309212530
3794185314805620
3794132592019320
3794528630359700
3794734306887550
3794193480255360
3794226167234880
3794147732883330
3794504471250820
3795021171845000
3794166972737420
3794532245926210
3794200036050830
3794071300106130
3794163109267350
3794264678508440
3794350380861340
3795228341249690
3794122173728670
3794325303281570
3795551738667610
3794155266433350
3795253091436190
3794720834709430
3794301366541300
3796513090119610
3794110114367420
3794351962235210
3795608009762750
3794153135867840
3793991940261830
3794475455834060
3795242766010330
3794530375400440
3793120430852050
3794046282000340
3794354533107670
3794192591750820
3794140095408090
3794514097678610
3795704063248350
3795049453821090
3791808506952700
3794128309348330
3794208685475820
3794250385278960
3794154741581810
3794976234055670
3794150891276280
3795029900527610
3794526860478460
3794783497148290
3795994514774470
3794697254594560
3794023388748800
3695973904066220
3794973328070650
3794169720375310
3712800431810660
3794058880755730
3794145841408020
3785091027519150
3794102258436120
3794133901092890
3741402280362330
3794644876077090
3794913788995620
3794866854984710
3794546380913240
3794409445705770
3793982180550700
3793865809434290
3794322414020360
3794286653286450
3796456680901170
3794897292863540
3794667667456350
3794135900792500
3795294854654010
3794105455180810
3793531435010110
3794154653485120
3794142288996420
3776550912501430
3794480899762250
3793997333899340
3794202599612770
3793997577472080
3796346328672340
3793807184915470
3794663842228310
3794119715571800
3793889146554460
3796068007046160
3794143090288740
3794137566000970
3793533108511080
3794629369481330
3794505209309300
3794156201658490
3793955223586940
3794500466147690
3794520942332030
3794210236426370
3794061754288260
3794226082932870
3794141211469960
3794120004913290
3794955657261150
3794597086210190
3794105962154130
3794102653225110
3795682672306330
3794109183699100
3796294214387870
3794160399982960
3793441017981090
3793993093318820
3794188989098150
3794185318705320
3794168570480810
3794166875916460
3794168750715250
3794242482235570
3795614133019900
3794114053071220
3794254373710010
3794164875610300
3794169636423870
3794299814955200
3794300158437570
3792109515761860
3795079355089270
3794546250876620
3797139459598540
3794540680987000
3793409162086610
3794301114853590
3793871915485400
3794231816797220
3794359201556700
3794227085914490
3793910155044560
3794608464816360
3793896385155280
3794501178870000
3794106163885780
3794208123119870
3795020295172480
3795071440283910
3794158450190600
3794120298875150
3794132416227600
3794133363255570
3794660046634030
3794123460626710
3797214834573700
3793384151984410
3794259272976090
3794303899527460
3794220920033670
3794176900915300
3794339392226270
3794334036424750
3794492954265900
3794284102510900
3794593793260470
3791307115563320
3795069661989180
3793576742322570
3794191928625470
3796572028447040
3795014889212230
3797095783636380
3794110252803810
3794088673347920
3794357406861650
3794210622335320
3794669203310940
3794210694318430
3794115487582560
3794541410673040
3794484829981030
3771340836374890
3794098823890340
3794521978278290
3794276082780530
3794315648616820
3795718390811710
3793477420681590
3795391319375680
3795044173580680
3794985515933450
3792834605907010
3794340038541720
3794031177853330
3794318966245780
3794112337905390
3793836603717460
3794127865416090
3794189021792830
3794205631613340
3793893940610930
3796701569550750
3794203568032160
3794163206080930
3793918871726230
3796456429638150
3769514422954410
3794952221673900
3794251236403630
3794150589934000
3779519418649010
3794187079993780
3794530094698910
3795034425735530
3794322451301560
3794181602462140
3794822546418110
3794125339527620
3794671786756550
3794127722277320
3787000765090250
3794159041006030
3794105874057680
3793989914397140
3794132918888920
3794002732632540
3794545622158860
3794087197174240
3771719980764240
3795237010467300
3794082961113510
3794233581961640
3796152304527860
3794724404423160
3794884915444820
3794168058579450
3794173247162880
3794479838170910
3796077323045380
3794242369497610
3796296080899160
3794318147586580
3794927349558370
3794185540430360
3794156013177370
3797204672358940
3795271731816990
3795238919281470
3794157036235300
3794237345065510
3794250959628840
3795028239089580
3794071598286600
3794200761469490
3794146366335540
3794110660225590
3753734020999740
3794307188135690
3793993148410430
3795275640865810
3793943152306760
3794865252502090
3794168436903010
3795946854584760
3795008295930450
3794109308914260
3794176132926040
3794277949549150
3794665025277030
3793501546850920
3794126154115690
3795953758987840
3794234945227380
3794179245558390
3794005790149240
3795302269659770
3794279203367550
3793921509132930
3795792450505350
3794139080182410
3794272291392140
3794903169083160
3795609116905660
3794372757335150
3794294894512790
3794320232483480
3796016144662980
3778761969650330
3795283479693980
3794383566366490
3794326750874280
3794719500474140
3794168214686380
3794143451073200
3795134569161160
3796004635960350
3793980221475510
3794568611176810
3794158114130620
3795249006250690
3794618456033990
3794155572636360
3795039476381790
3794280592239310
3797216021678800
3795384410846900
3794154624527060
3794144914950870
3794940490345180
3794661439023840
3794143807040230
3794326720711400
3794189215509230
3794842373114610
3795019641047800
3794215320455930
3740919201303680
3794722881702660
3782028019054380
3794116758219530
3794626017807490
3794887176727310
3608731726115480
3795308053965590
3794271167138590
3794084231334690
3794304004541220
3796325357444230
3794165768497960
3794724038822700
3794018645060400
3794254310378290
3794933523833310
3794645572234040
3794364184677180
3794539716782910
3793916056494560
3794280621173570
3794300238138180
3794634579331910
3488446016440120
3794092955741010
3795233962009630
3793884268358800
3794088841653100
3794263533628270
3794284840520560
3792842553559930
3794649120584170
3794950644362110
3794291102706560
3794005403421570
3794254109035400
3794373269578220
3794043660307340
3795290589109400
3794129626393490
3794128825573870
3794127801551770
3794919585527500
3794091664075930
3795000053541790
3794129547365280
3794114493983650
3793860993625000
3795898683801090
3794151633808300
3794523039343090
3793905944845470
3793991780905460
3793991948244810
3794639112465350
3769023030332360
3794678816074700
3794010961702050
3794201046952910
3796676961592280
3794332206984150
3795415717923800
3793906762288090
3794964125231830
3794180155657180
3794152774708190
3792122765183970
3791289318910950
3794310057562620
3792853044352850
3661501422250990
3794140905244500
3794690371333120
3793582404217860
3795945550199980
3794164174826510
3794955208715280
3793994096266260
3795579727727790
3795248200813590
3794509093743640
3794201222884380
3794080398453790
3794482934311970
3794958563421220
3794177236365830
3795218991754280
3794101273257820
3794884085330440
3794995838479410
3794275621735480
3794214804147380
3795248859425850
3794061221301310
3794496229478500
3662454192589890
3794258387725380
3794693677001910
3796044934208340
3794186022825040
3794260531096760
3793882921520210
3794214041283670
3794605080269700
3794359759187040
3794012572347490
3793923455503460
3794239538736230
3796049443232730
3794956659321970
3797093258692780
3794670620511350
3796326770987540
3794118834613370
3794640912772220
3794696557735040
3794027596098690
3794377493048500
3794110891035780
3794227047858710
3794644950928520
3793948889499500
3794140250631310
3794169132584080
3795938210382360
3794173461097620
3794354214557550
3795356049413150
3796523404442820
3759794672127130
3794111020698780
3794456320576670
3794115277892770
3791339882024100
3794371151719590
3794225898368170
3794913541508270
3794032654388400
3795753254599880
3794149528128690
3794134672247990
3794194507959480
3794349399293130
3794317414231230
3795358834207940
3794362582465740
3689631658904780
3793974089376290
3794008805584080
3794136094713720
3794101897931990
3794359633648060
3794128737422560
3795192442309860
3789484313313830
3794655168376040
3794229086185340
3785635741265130
3794100610338030
3794261235977460
3795215385384830
3794153647516920
3792648047529210
3792158311730430
3796716404364990
3794943094949760
3794130091830530
3797152012717270
3794947856076040
3794341066067210
3794539330348930
3793416297622800
3794324167122450
3794000534293780
3794253450474030
3792506074115350
3795018596337390
3794530132479260
3794147862932770
3794242226695460
3791227637757830
3794252327136560
3794147653438770
3795292904402230
3795654771499840
3794277949771070
3794126401031490
3794110475349320
3794199826550090
3796345988902220
3794840053932600
3794529863337870
3794272706997590
3794566488862040
3794190628109540
3794193149783390
3794585363293220
3794083543395680
3794330525879650
3794107719650660
3794156763549030
3794143354326390
3794221968067960
3793957236739450
3794564554751210
3794557118952000
3794150237392260
3793414279448470
3795202323886080
3794339920178570
3794626836468290
3787469339914140
3795807423989430
3794857497783700
3793958105050350
3794294038744470
3794147053735320
3794177391101850
3794219217276320
3794166943788450
3794353224854950
3794002962902440
3794186798943660
3793936428920240
3610149035483720
3794121635999160
3795985425407220
3794211168521660
3796447092832160
3795036288732610
3794128578178500
3794688669031670
3759814087577030
3794707953921480
3794709610786250
3794133493304780
3793904694054350
3794295926107600
3793576091710030
3794880943943130
3794872794041820
3795620076752350
3794190826122720
3794347403031120
3782730678341090
3795312567512550
3794099913977320
3794191656218090
3793884494261740
3793103808741970
3794182252023280
3792708713876980
3786672711667190
3794105090354680
3782608951517780
3794069459815930
3794697380580860
3796105768482730
3793569866984960
3794573455478280
3794135607971340
3794224057552130
3793798339702290
3794022718123540
3794281757675030
3794123569700100
3790728972578330
3796708016715830
3794593650642460
3794253618434650
3794135703621150
3794126561005090
3794902356016390
3794112732188200
3795074217433190
3794228708317230
3794240876269100
3794227953282610
3794284219961950
3795034669026870
3794196735288960
3794656313262150
3795034392178240
3794187725622850
3794109435653700
3796478067922870
3793986206256710
3774229789224520
3794245507288650
3775086027083340
3794930504128440
3794159872020050
3794184425688660
3794317560315150
3794575522999900
3795559225374650
3794132285812320
3793888214863120
3794327187082850
3794106641763940
3794283054018150
3794418144333420
3794325781737070
3794350167428720
3791621587775090
3794267421554960
3794267392192120
3794235818016020
3794680418848380
3795658706243200
3796317153060800
3794581604313030
3794195494194820
3786731231325830
3796156012182210
3794338985373320
3794240431632010
3794228256173710
3794127726472850
3795941423443960
3794855837089050
3794149184130720
3795421312475760
3794321474170530
3794232198237860
3793826013349830
3794721635633070
3794233691745960
3795031519915690
3794113524182700
3794183150390960
3797117489843890
3794290025541300
3794265165795000
3796714584968890
3794218319130300
3794017676930750
3796336098528960
3794246841028290
3794897641363490
3794200233438920
3795064034158540
3794079919402700
3794471738875170
3794258731790030
3794187558702800
3795775891063110
3794361512939220
3793966606653390
3794217358425380
3794145879331450
3794132663389920
3793954396614370
3794661615406820
3795019012306050
3793878664744680
3794116108381930
3794571790021660
3553230183411440
3796033832418600
3793996654530290
3786613873839860
3794292667068150
3793994745769720
3794414470211540
3795959383469820
3794581541394110
3793102311998080
3794149147348740
3794323034009350
3794141764538120
3794241622593290
3794114660798220
3795371312791970
3794079236468500
3794037020987160
3794232948822660
3791775682170650
3794273760073690
3794221914320670
3794117056084150
3794162626866480
3794155577085730
3789559030981990
3794162060832550
3794152061783850
3794478785482540
3794341850284400
3794475010418210
3794139336085300
3794586432048950
3794312409900510
3797162527564170
3794315870924610
3794327580643140
3794102678400840
3794156537417550
3794602810955630
3794493867849690
3794312648986450
3795999296245590
3794350532652890
3794310992301920
3794925785248400
3794165135085410
3795166462840680
3794201370521450
3794153743413100
3794207812764990
3795330317806910
3794870911602550
3794124249829240
3793941201710980
3794898929528710
3794719412705260
3794229203283850
3794009199972240
3795025739596440
3794151298518930
3794034377791470
3794101571383190
3601828383872690
3794276376407960
3796000130538820
3794074752804560
3793938252607390
3785750128714040
3794242331979680
3794668838045680
3794212288458660
3796025372769960
3794165899300780
3790235260975090
3794730620055470
3794344147988400
3794141371158450
3794114648862650
3794200938450250
3794145284222910
3794167710412740
3794687091578870
3797359274621610
3794949202137040
3794065915580370
3797197176667470
3736782103744470
3794720964821860
3794170982453210
3794088585744350
3794222391726050
3796337340864390
3794581528810150
3794195636883430
3796062663667990
3794909247345010
3793478477869040
3793109907795960
3794263983190010
3794120986701820
3794152900464640
3794311890538500
3794106025602390
3794852737470470
3793946134056970
3794087884435470
3794550004445200
3794346786844690
3794570950758420
3793907211235350
3796398224543770
3795682408373480
3796273205502640
3794884898665050
3794373319788550
3794881408970790
3794481553510440
3794709216299280
3794775372820530
3794696402526900
3794360229295450
3794305686231050
3676764083138640
3794195829485650
3794308404645220
3795614439231580
3796487668703930
3794107975151710
3738378845374480
3794236425678950
3794996937068650
3397158062338160
3794132717777010
3791791540728510
3791794649403510
3795211312506900
3794265089855610
3651569868394620
3794329757867370
3794704078631040
3794145463849090
3794287710384260
3794305359835270
3794166864031880
3795085147738250
3794658507834050
3794285767766160
3794247674955800
3794146131407000
3794274925310110
3794523757220000
3794542661051490
3794042540388520
3796415757537450
3794087720841390
3794160715075760
3794361844551860
3794311579922620
3794271985438910
3794146202513600
3794957678186690
3797170463363270
3795617766089420
3794861998706890
3794866385401890
3794130767596920
3794491330400470
3794186635710680
3794561391949860
3794128355307740
3794666769625320
3794534179420200
3796650147279090
3795563205636340
3794110911852790
3795924575298260
3794020888793340
3794537409169450
3737391732494590
3795006920208640
3794174795510020
3794342734729480
3794878418896940
3794711481422090
3793586095624460
3794205522915600
3795921576309010
3794023372714260
3792356124332310
3794204003963160
3794544590359940
3796686629204250
3795058488765250
3788907013489370
3794137226637600
3794916699853090
3794041856782630
3796025456436190
3794753676562730
3794263383429420
3795247890647090
3794902829314350
3796049636184370
3794231493865780
3794158474670390
3794153710768440
3725862900188800
3796696398330380
3794155170140480
3795062951564000
3794170097914180
3796659383387460
3794637335015750
3794137792737610
3794140846068450
3794029428578360
3794128397259090
3794178469163350
3791447830897380
3796350330237280
3794567692426640
3794367607607660
3794133825270130
3794535799198070
3794115253113210
3793930837217660
3794575955268330
3797219595071870
3795072359499840
3794138921275780
3795555220409750
3794145137193350
3794396112188140
3794153270235530
3794020025659790
3794126492930450
3794097644622230
3794224413274520
3794618871560260
3794333805203870
3725257044728020
3795766076378600
3793936009548200
3795654532881820
3793607741723050
3795535699965900
3794685870879150
3794128872051120
3794171745685940
3794699871506870
3796089024549620
3794505784472000
3794219929989570
3794219531391430
3794131027626060
3794281640653260
3794120516162000
3794868247458260
3794286644892120
3794192612490660
3794871615246810
3794190846235100
3793861979369950
3794699435100240
3797153832824230
3796737800434150
3794353166234090
3794124660175340
3794114510770670
3794305749152240
3794179115355560
3794525887829310
3794036248515060
3794067806573310
3794172517077500
3794361852948990
201101121757664000
3793858293027330
3795075727632470
3794136249782790
3794265119519240
3794210634919340
3794068746408460
3794493889639170
3794167483896340
3793252522573230
3794861804753430
3794004975817240
3794550147920410
3794131191386660
3794112149219420
3794094528926250
3794115332452910
3794137264394800
3794134026089010
3794883213244510
3781220087599670
3794279841878590
3794163474551360
3794500201255490
3791633788785220
3795309811958540
3794869967663690
3794122114519630
3794175797342800
3795205453492820
3794864640297060
3794011628638810
3794003906884190
3794324301116000
3795945978727100
3794203824263780
3794283544803430
3794206395038980
3796829801614780
3794611795456620
3794511530139070
3794186824016660
3792980718391930
3794191009829500
3794146354000510
3794156922966660
3794166901084810
3794013180493250
3766600282927760
3793991567102610
3793951629219950
3794268387054230
3794180876415640
3793970876822170
3794084411708060
3668549681760600
3794025557758630
3794222375113390
3794318760091080
3794721564611250
3794941728002740
3794503310021310
3794463908246210
3794572952328310
3794158474670790
3795058018707520
3796121887685890
3794527695229650
3794494744605400
3794002983711450
3794198190942330
3794828468671200
3794129416631010
3789880205595370
3792762128823020
3793403039150830
3793887736918770
3796094268101430
3795046828602100
3794199696513150
3794149751354110
3794125504049920
3794704909357830
3772778484609800
3794485249356570
3794929581403610
3793969953686320
3794045916664610
3794952976705670
3795058710580700
3794157451557490
3794140339008310
3794085615866680
3794286980051770
3794369243452220
3793958335629450
3794119522374470
3793691351296140
3794157804180300
3794139176670030
3794435773215570
3794881569138830
3796740626477910
3794547169522520
3794254956614490
3794711967802170
3794276905874270
3793825309086560
3795644697568190
3794212505736040
3794532694823790
3793872032935400
3796108252050290
3795677764686710
3793838168331130
3794121095467900
3794341753400810
3794966109025150
3785489448506240
3792470196257600
3794367292896130
3794305888441220
3794222383892630
3794268017496970
3795018336501230
3794114258637720
3796780724258970
3793989297836960
3794195116667810
3793161640154020
3795001438360390
3794174346613670
3793947916981160
3794138828703900
3794214443406250
3794332601766830
3794222866011060
3794002744341430
3794282597053370
3795993239368640
3794698668060150
3794670742442950
3797111470519240
3794140913800140
3794166229922770
3794151156470740
3792438152041430
3789983397434330
3794512742593500
3794624403795450
3794184915416030
3795623285765480
3794558053258210
3794707660059620
3794173331059690
3794312179430380
3794385953178450
3794679268862120
3794279745098740
3793473872051710
3795321706623990
3794135011685370
3794108059587580
3795135621946880
3794157543904260
3797191661179910
3795954773444780
3794392936698890
3796788475409420
3794331355667970
3794158483543060
3794105803012270
3794131694130200
3794256831099930
3793883505062940
3794011754279770
3794050505323550
3794187789308960
3788907075941410
3795236620660230
3794143526229030
3793996775756840
3757960792351580
3794116792256690
3794245619938350
3794157670085680
3795006697180680
3794673048616450
3794127843939380
3794942666744670
3794268151428150
3794258110968890
3794105073054780
3794192788796480
3794699347153760
3794108260414530
3794342479648950
3794597220267860
3794125343723020
3794093295154250
3795257177228130
3792699750742200
3794119631451220
3794651738062350
3794346027398230
3794132152005720
3794239785337700
3794601443939420
3794111221830750
3785902772409440
3567460193817700
3793418620843110
3794139135579240
3794679268862140
3741681512197930
3794123942805010
3788353566315630
3793995665107670
3794008683590770
3794208354133310
3794689939272820
3794352721728630
3794346619133460
3794251592660090
3795071218308220
3794305648478400
3794257339315330
3794171901236360
3793578621269130
3793919453967500
3793983483966610
3794920751645550
3794282077189270
3795762565977240
3794166365000860
3794176896136350
3794322031449250
3794628106884260
3793470361367720
3794113226593450
3794213542417580
3795781813318830
3794053747193010
3794216734233780
3794552186457210
3794234727371960
3789161574544570
3794135326938300
3793612670592150
3796027129392310
3795710099086880
3794702022762920
3794276360443080
3793962290205900
3794825205642450
3794721279659280
3795085001447510
3794192222884730
3789793232360670
3794488071673060
3795585935398120
3794234853397740
3794116875564270
3794125969374760
3796156062903940
3794503439751380
3794818754966780
3794248769893630
3794143073506560
3794650172781830
3794363400181000
3793255319442700
3794533948711810
3794703742817550
3794134961722640
3794324276312280
3795669330733600
3794188993295640
3793525159831770
3794508732593440
3797240428127110
3797061633655970
3794269858714920
3794853764659420
3794122152277290
3794261194003760
3793846611416370
3794391368235230
3794339018560830
3794162702374210
3794317204059460
3794914258801990
3794178721379660
3792499112252750
3793604273140000
3795585762735440
3794374221829460
3794658658178390
3795217213715800
3794356392121690
3794226875725160
3794314842600810
3794928301467880
3794994885899160
3794616237544820
3794157527070070
3794258832528760
3796135372518780
3794919715790460
3794137466246530
3794319192159620
3794358183003030
3778026985034930
3795433480762760
3794902771083500
3794279799666060
3794876656848450
3794480773248400
3794275735532440
3794097522972050
3794467151123860
3793947552093590
3786427336728240
3795374319532150
3794289476130210
3794143702717860
3796464016576070
3794127726302630
3661651301979560
3794996417274780
3794726375445930
3794483155899820
3778599666734510
3795586299696560
3795460202730930
3795065807602590
3673964935591350
3794179321116100
3794531172399350
3794373311960520
3794512973786700
3797187055940490
3796129198090040
3794348053607890
3794197477758420
3793621365274070
3794164930368990
3794613351039910
3794127482983910
3754798543198460
3794162493281770
3794039906375150
3794025520182770
3794000048133620
3796056075135230
3794117555320310
3794153182074360
3794299374654970
3794203706545660
3794279958411520
3796024243762690
3794906978350600
3794116909250060
3797164310116610
3794211759699470
3794912719790140
3793969177490960
3794523807340050
3794602320688660
3794113076074010
3794859858809340
3794007265687070
3794284069279270
3794225386618460
3794533584107050
3794156705322540
3794569370067890
3786579254900270
3794473119053360
3795199320962610
3794254285569630
3794630543947320
3793982582707770
3794864279754300
3797260452388760
3794190536480320
3796190258602560
3795009255642690
3794261729924680
3794308962276940
3794220731463250
3794135993085540
3794174241121210
3794127126550110
3794213193750800
3790143636756070
3794652815824490
3794219866966290
3794599372224110
3794210484852340
3792529168188350
3794158521063030
3794137335715450
3794338662004350
3794567188693390
3794248518497920
3794134203094660
3795682790086280
3794483353065100
3794266516051600
3795232531287570
3794897796567370
3794300137879190
3794152510863000
3794132936033220
3794243330176670
3794503921704560
3796378776348070
3794186081900210
3792483865884340
3794147749664440
3793416087033530
3793826327959230
3794870772315840
3794165123029280
3797235655358150
3794876468073420
3794216344073930
3794525577698370
3794536163247570
3790638061885140
3794155165710040
3795403730228960
3794207494174440
3794702346743420
3794110823888620
3794296262293230
3793985363752690
3795411699595000
3794298904105940
3793834037147390
3796143865214720
3794194567051010
3795190756636420
3794093597177610
3794308429338380
3795088670912130
3793877918349070
3794251664286680
3795542897153810
3795284666365720
3794003260978970
3794110349948700
3794567490756230
3793879260708260
3794608528371010
3794957968045870
3794350737626930
3794623980345140
3794302872208350
3794556153960250
3794676559564880
3794843735775040
3795341876418370
3794257884714820
3795439712942390
3794203509716810
3795029673711440
3793821571586360
3794042233943890
3794195212408660
3792171587051150
3794131429816150
3794533395011420
3794191765354810
3795788616898400
3794112367443600
3794183599273830
3783779979884860
3794021745258130
3794080800495470
3795414396726790
3792151408333800
3792497400154430
3529472319797110
3796830590211960
3792768365048810
3794197553633150
3794164212496260
3793631200950150
3794567000683500
3700107494619020
3793738969012110
3793913250723730
3794340448720790
3794120835227960
3794612928255910
3794073980950440
3794550759489180
3793771278063530
3794692950497200
3794580551849910
3794331409971130
3794025057908670
3794123733368480
3794312829363190
3794538680363340
3794479888510930
3793857113814990
3794342860455150
3794155912673240
3794145401783140
3793991864752090
3789836655957980
3794312875505630
3789864120060240
3794158088959970
3794132805564390
3794713984956690
3794176842045420
3794856352336210
3794164074067950
3794156482473640
3794516165580810
3794287948543990
3772108394305530
3794683446564860
3795416548079620
3789943376137900
3794260929566730
3794593357641740
3794318345508880
3794374406166880
3794189051526830
3794538570735250
3796059656288280
3793594819139610
3795241586399260
3794259846789150
3725001281027760
3794110995290150
3793992015738920
3794218781005870
3712316270483500
3794180855732270
3793993676748850
3794220597098550
3794153098369080
3792892755327040
3794123603315040
3794142016755780
3794195586283590
3795305990010500
3793987590813770
3793109555375800
3794245435930710
3794121623672920
3794330370504800
3794694158579810
3794342227417190
3794161444509800
3794530521905260
3794164929897490
3794096596531310
3796373973426770
3745949367031920
3794097263357630
3794321129920630
3794236291732500
3794160765237370
3794539275442300
3794677805713770
3794126920833150
3794097087405760
3796125687347330
3794108617619590
3797172941952340
3795385208281230
3727971339032720
3794509005935640
3794142742083730
3794331686828180
3794555235186840
3794131535386780
3794172958393370
3794143455271070
3792829165702180
3796085313312930
3794200233790040
3794504232481820
3793886432557230
3794203190933680
3740592255056050
3794157459727390
3794216691857590
3794637993130170
3794488747575670
3794199721449670
3794122093271240
3794226565429450
3793280690878670
3794117983580660
3793987149871320
3794279946241060
3795092575753090
3794011288565980
3794268860766430
3789218042403040
3794199050934500
3794523912533030
3794656310058960
3795536941163560
3794640967088370
3793999276210420
3794142523930870
3794168608233720
3794833821040340
3794166574643450
3796397847908390
3794101020940540
3793942921558270
3794148169406720
3796319665637760
3794268445817090
3795424655533340
3794179911629060
3794193472503510
3793804190652680
3795016067225870
3794150359308560
3794513262411480
3794350645754130
3794936161732970
3781267684743450
3794316780887770
3794235473754400
3794223633602850
3793384328067370
3794598470310190
3795996427106610
3793996457533150
3794493838817590
3792441888872760
3794193916679220
3794120612878650
3795058962266670
3794109778950460
3783819469203850
3794822298689930
3795458772682300
3795687865110240
3794336624376130
3794865115001910
3794414398462280
3794497592487650
3794557202245530
3795234737609040
3794971641470830
3794226954959190
3794651578784090
3794138685839710
3794230155204960
3794242704890210
3719516473063780
3794520157911400
3794563967943740
3793928262433130
3794211268860270
3796375693392240
3794106231213800
3794752874658170
3794008650496380
3796049166388970
3794844226582910
3794878968519040
3794233418873220
3793012566456710
3795191767064300
3793980083296650
3794569084908610
3794502692829590
3795329847499160
3794163713317280
3794857597980400
3794715004557730
3794144226982310
3788907294891560
3794487656626600
3794602119211420
3795029648240370
3794133292267950
3794281594935730
3794043111070140
3794687003654590
3795024821123520
3794128657357250
3797231242590660
3794145623423430
3728678397581770
3794860136057250
3794151512489720
3794364494972370
3795440220551640
3794142461254110
3794235071904230
3793501302864360
3794083888232940
3794225001126390
3793988060748280
3794354142995540
3794051487087100
3794866339256830
3794538470750720
3794656242866690
3794930751248900
3707357106730070
3794234332805640
3794125482162700
3794104628058640
3795090314908760
3794245007514130
3794861738088980
3794122068793880
3794135524260380
3794609706457630
3794265240590880
3794849767307810
3795740977355300
3795299267194630
3794117144183900
3794136009865770
3794296874441260
3794183053531570
3794130691471920
3794555922622900
3794121532078650
3794709707370250
3794692728525920
3794459911125570
3794666203961230
3793916580837960
3794161075362380
3794178758812770
3793555119831630
3794952482394400
3797023763706920
3794129932647000
3794523501170840
3794165726550620
3794158836161120
3791668715182690
3792775050672740
3794119430079590
3794707647699560
3794491368155580
3777681726831210
3793803502975600
3794191128091250
3797253921831540
3789446158113400
3794302129606420
3794765625563780
3794326478076550
3796523718326920
3794670180489870
3794002639714960
3794677729636120
3796059362732350
3794717113952150
3795290563914180
3794205678221980
3794790208327450
3794243682499230
3796739683038320
3793998752078500
3794178133580230
3794139977677480
3793993881909930
3795437074815660
3794475513885810
3794194567051950
3794472410733770
3720963679668680
3788900856249010
3794265047636660
3794167991463710
3797142558276280
3794116342782650
3795639634758090
3794348200532670
3797108404179550
3794104632572610
3789815503903430
3794313298926280
3794142985059020
3794194638641870
3793250307235020
3794134592760270
3795763618295930
3795284889393880
3794705395735260
3794708545391130
3793935652748000
3794109271991490
3794073040886500
3794514798164710
3794227127884520
3789992407087850
3795258447502060
3794260643773170
3794303563946740
3793780454932700
3793997481360120
3795571083303380
3793221173844730
3795948537353270
3794537614987050
3794207900572420
3794149289007880
3794376172285740
3794153198869260
3794204746921090
3794149129853710
3795215686998800
3794714953935320
3794315257625370
3794725469579740
3794185910344480
3795350995745570
3794967795415870
3794000706452260
3794003243547430
3794194483600170
3794881963268910
3794357662104370
3796083576216030
3794801725913910
3794032050305850
3794704992842220
3794185964616510
3794147871808320
3794490109921760
3794093945461570
3794162476178250
3794181728713550
3797117673471800
3794279749090130
3794103332928340
3797216633848410
3794210983074650
3794167798897500
3793982922857310
3794332022758240
3794152523750370
3794210756893540
3794201248299880
3794118117063530
3788629770206060
3794301475961710
3794337844018040
3793910822239100
3796451971068560
3794110860827520
3794263727389570
3794341782764420
3667676792939670
3793807197944710
3794122051320300
3794096823303050
3794532891975490
3794160173415310
3794689427512210
3794194353240980
3793959195392920
3794744835005340
3794151030528930
3793230820908870
3796741452819430
3796429405044050
3794480521550770
3794123166964660
3794142406464670
3795229079854010
3793821798489020
3794498062982080
3792156185785720
3794156323822530
3794220449612200
3794337861114820
3794480467278790
3794669676747720
3794169090489290
3794361747760290
3796162157329360
3796163742046950
3794013414726610
3794980281786190
3794545152555990
3793999195839450
3794531486685690
3794839303117790
3793999276334050
3794203232467940
3794476227216550
3794091194686440
3794716879870460
3791319095114730
3794131237280750
3793981450171560
3633779493501940
3794218570677240
3794092565263530
3794110604925950
3794176795868160
3794090628323840
3792072160583510
3794351496879110
3793066676861960
3797105954854060
3761036765568010
3794925302832140
3793416519433230
3793979638733840
3794324167119850
3794547216186390
3556040794323460
3794501006695450
3795257495575580
3795016852197210
3796831416562240
3794179245218850
3794083962870820
3794481301968050
3794111490448430
3794154691812400
3794322891500960
3795350781058100
3796535059864630
3794240054110730
3794005227961410
3794010928053320
3795375363740510
3794865332448400
3792057640746060
3794166724904120
3793952991599700
3794152124898390
3794294273948760
3793418071596900
3794252242836570
3794900213003450
3794184643091550
3794369876843620
3794187860671590
3794888103703740
3794020641815660
3795055389072500
3794599095017740
3794258970639480
3794152716311060
3795037206551680
3794870496289940
3794102255063040
3794680196193420
3794163785204930
3795060145445400
3794141819075730
3794336388980590
3794089055607960
3794834743909530
3794533152049690
3794150702496930
3794567176109220
3795058673820870
3794137981901990
3794061137411240
3794531327949340
3794142599797930
3765675917442220
3795352286663880
3794293816990900
3794486071180470
3795077228788920
3794304663668450
3794119602085050
3794838992256190
3794632725429440
3794280226871840
3794475988049090
3794346664582340
3794200271191240
3794097565480140
3794122689010890
3794259356015820
3794187050630350
3794129986952400
3794297373781880
3794323001181390
3794222035344600
3794892784925920
3792067333070050
3794542333915250
3794181807643880
3772560179076330
3794231497487780
3794280382612690
3794131702521070
3795790252244210
3794144357498100
3794167366442230
3794143610731770
3794236064939260
3794364021259520
3794856537694080
3793967043034370
3794232239938820
3794123368332550
3794135846255880
3794525661044610
3794281670016270
3794544447905040
3794066397748500
3795052675111470
3794128825572630
3794133388426520
3794354236166020
3794140490308890
3794701897669920
3794159850675490
3792152531852580
3794219355790630
3794684558200410
3794178179464490
3796858910735660
3794849868024370
3796052148927790
3794185418784050
3794174593695030
3795786267450680
3794343238655290
3794152485150020
3794240285354550
3788829951909190
3794455322926410
3794110194072910
3794122697792850
3793221949603160
3794557743860710
3653772649373020
3794514869222750
3794685145185640
3748110041745980
3794182856809840
3794301362519410
3794356857553880
3794216327285310
3794035921542520
3794892645990000
3783630129896830
3791387163647360
3794359122169750
3794143413290220
3794125012663690
3794195410468240
3794627297173400
3774048368344700
3794054464208280
3794888502246810
3794251857108380
3794961935450010
3794208785802480
3794522557463970
3795955332106950
3797258346298790
3794142314168220
3794135431200170
3794153358394610
3794301790264750
3774257358350920
3794328600165810
3782616656797110
3795275283827160
3796359364541880
3794314259791290
3794580757387850
3794136832605630
3794504705908160
3793828463181250
3792860111044040
3794123276839500
3794192071769550
3794716522495930
3794916653710800
3794716216999150
3794724311563740
3794952091960570
3794229572812260
3795603915568380
3697830386048490
3794139403558390
3796350120050170
3794128389586430
3794133536120320
3794485496239360
3794247758970370
3743933010361860
3793954632195590
3794606073872300
3793616855981580
3794240922410510
3794081303870040
3793993890176530
3794828024311830
3794113700879900
3794269883883040
3794230566510120
3795033972709980
3794140309093930
3789140443004470
3794102199972170
3794169031763210
3797030432527200
3794837398429250
3794128519111710
3794133980028490
3793920557719120
3797173144062140
3793613119151700
3784523362287190
3794132281469540
3794218176511580
3794508799713210
3794243665706590
3794887188866320
3794610914934380
3794036290805360
3794148399906420
3794674307444670
3794324099227260
3794173449076350
3794157900177030
3793887695199880
3794190401994380
3793858133802640
3794187344264850
3794546708545180
3794107501503770
3794116301586080
3794220014256070
3794158043242150
3794662265011880
3794260786390300
3795934527728770
3794134337174130
3794004850638510
3794525975649970
3795239301499510
3796071648042680
3794353258596980
3794209922522810
3793936751984970
3794126254198730
3794256105922240
3793879129795190
3794187629780680
3794024043871950
3796021655684920
3794003004432080
3794183846346450
3793256389754580
3794170164084440
3794148975222490
3794712786009820
3793852077424350
3796425039576800
3794642137205730
3794082511998930
3795040721808240
3795048338453800
3796468639424000
3794144046161660
3565945848886570
3794136484404990
3794098043313920
3794901827354370
3794155685650180
3794710873235210
3794606443274000
3795228882838830
3794105744719650
3794377933625990
3793992766979880
3794201517438340
3793129632710450
3794140992896820
3793995648198100
3794099280805690
3794167631281980
3794565162977930
3794530706472770
3794846269251910
3793844933898630
3792316260917070
3794158718379320
3796082137718610
3794149340200790
3796430147493860
3794888484806490
3794863667060580
3794340624900730
3794595953024870
3794149507153770
3794134299139950
3794118230828350
3793906401763190
3794052467900280
3723682344198010
3794140678545280
3794144721575810
3794139608768390
3794318332477420
3725309880522050
3795662082629520
3791046699704210
3795602439200750
3794091860803480
3428339106968900
3794150371377050
3794081014620060
3794186467557280
3794894470639600
3793922058381980
3794014572855210
3793962965991340
3794192704233390
3790578334326210
3794183926046650
3795241339158460
3794253823975360
3794385000865730
3794013889372100
3793886030241740
3794259431743440
3794220014256120
3796674998785000
3794317669690020
3793959140712410
3794876389307820
3794188070272990
3794164728455140
3794141391888380
3786573991002090
3791805613260780
3794140946751470
3793558672449520
3794006905191080
3794219309293560
3793981097508860
3796158604065450
3794193903920050
