3804444241859272
3804138301243518
3803975009084535
3803928808758031
3803893723245855
3803726261717984
3803700725948216
3803692622892590
3803553527605497
3803256008579487
3803255610528571
3803248031064574
3803245975856111
3803243232986148
3803239474987980
3803223968277600
3803164715242493
3803059367393289
3803026815147032
3803019890384121
3803013733219716
3802983286838603
3802982333983509
3802977623795001
3802941217433783
3802923907739210
3802911161054098
3802910599392349
3802907709783041
3802903615708565
3802902931995118
3802902831512820
3802900780251029
3802881910174601
3802881264177089
3802873232206924
3802866034565702
3802863665285188
3802859889726547
3802858367692791
3802852365821833
3802844823662017
3802844534849116
3802842164516764
3802839568694203
3802839191075036
3802838838861237
3802835429061058
3802832815978447
3802832186441456
3802830718989367
3802830278479314
3802829326229160
3802828969240072
3802828303117458
3802828013766386
3802826902061990
3802826176211951
3802825836512069
3802824993560903
3802824108166532
3802822342139956
3802820581320163
3802819520278593
3802816470937571
3802814759623681
3802811907439451
3802811693440203
3802811441669522
3802811433278285
3802811043625008
3802810565271825
3802808883115080
3802804546396328
3802801916549321
3802798741595005
3802798078579532
3802796971695706
3802785340963961
3802782668487637
3802780546688578
3802762075101087
3802742659462927
3802740566445525
3802728440610603
3802726162678290
3802722938079450
3802715593514361
3802712943028898
3802712506640884
3802709872796241
3802709335726571
3802704608921086
3802701643321747
3802701177731588
3802697914720801
3802695448295201
3802695431629603
3802691509560157
3802688355642782
3802687822960990
3802687784907332
3802686627677695
3802683653909350
3802683259741421
3802682902674089
3802682055325660
3802680776765443
3802680319378661
3802678938835686
3802678448671362
3802675239875157
3802674963260088
3802674271482512
3802672006315558
3802671050304051
3802670735468601
3802669653357426
3802669644959933
3802666721345610
3802666385475241
3802664918165877
3802664712639206
3802660463952314
3802659309978547
3802659309520584
3802657930547215
3802657926345348
3802657695618412
3802656516480042
3802656445394365
3802655384417839
3802655140893371
3802654935820549
3802654839048198
3802654604298932
3802652213250889
3802652179310158
3802652045789244
3802650837595068
3802650355196844
3802648035812648
3802647998017772
3802647813267334
3802646840330213
3802646085818569
3802645984587618
3802642805160166
3802641845101890
3802640947546800
3802640234771331
3802637298574993
3802636748901179
3802636672878587
3802636476474227
3802634311473021
3802633578260928
3802633179133661
3802632784820503
3802632588391337
3802631833645936
3802630356765303
3802629760630587
3802629430162390
3802628805305272
3802627894808190
3802627608974542
3802627361482905
3802627328557427
3802626980362906
3802626644440322
3802625755787807
3802625403704526
3802625268563343
3802624757410789
3802624661118178
3802624463555009
3802624090941731
3802623763502570
3802623645842653
3802623524457975
3802623507664718
3802623298227229
3802623188862794
3802623180668974
3802623012047041
3802622912048995
3802622908036318
3802622765554346
3802622744557518
3802622706329340
3802622694173895
3802622606009854
3802622475116272
3802622207688777
3802622111123353
3802621997766369
3802621985024759
3802621921667046
3802621762770152
3802621683392091
3802621649806543
3802621641410480
3802621569440817
3802621381355620
3802621163258977
3802621033006298
3802620956867799
3802620667828825
3802620613431949
3802620601180424
3802620550455665
3802620155664253
3802619745462405
3802619610605372
3802619405205606
3802619384630304
3802619300663149
3802619292548221
3802619287752978
3802619199908496
3802619174494761
3802619124597734
3802619073672963
3802619036699502
3802618931465380
3802618801575483
3802618755396574
3802618642288872
3802618537579446
3802618415093346
3802618411310286
3802618382497756
3802618340517206
3802618302246879
3802618298531223
3802618260510124
3802618192771276
3802617874525100
3802617677464359
3802617643875088
3802617468014629
3802617136588241
3802617123801204
3802617065480849
3802616880571800
3802616771417653
3802616762613969
3802616708240235
3802616528603973
3802616234072183
3802616188801765
3802616145981971
3802616134079533
3802615857261849
3802615857260819
3802615853064435
3802615785896864
3802615768452767
3802615760837275
3802615617965972
3802615538166173
3802615370915108
3802615240768986
3802615194588744
3802615139664758
3802615127673737
3802615102482543
3802615073094479
3802614905424350
3802614859242135
3802614821108766
3802614761969797
3802614708107285
3802614666124107
3802614620202999
3802614565288097
3802614552230618
3802614527845884
3802614494261771
3802614217433997
3802614166312350
3802614158338462
3802614099881871
3802613986472467
3802613978075220
3802613760021370
3802613550114604
3802613537757550
3802613269617859
3802613013787796
3802612984142234
3802612958950323
3802612476438747
3802612392971593
3802611956615877
3802611956613518
3802611897625895
3802611889704969
3802611847044940
3802611746371322
3802611654609634
3802611633619399
3802611595360072
3802611582775979
3802611583501865
3802611503737731
3802611495142066
3802611478349735
3802611184091779
3802611100780216
3802611100778686
3802611046110785
3802611000022979
3802611000023241
3802610995825295
3802610919822061
3802610874521481
3802610655814937
3802610571918843
3802610538939255
3802610421651713
3802610337688600
3802610329292246
3802610220141212
3802610161021336
3802610026600490
3802609485897918
3802609330833470
3802609243050343
3802609158287608
3802609011663469
3802608978480105
3802608601256321
3802608437476060
3802608424883152
3802608219447278
3802608013749529
3802607925596384
3802607800216823
3802607762146057
3802607577328403
3802607477229794
3802607417730434
3802607409784054
3802607191414830
3802607073761494
3802606931141241
3802606713450049
3802606596166282
3802606494889491
3802606306330351
3802606168167308
3802605975597630
3802605966986772
3802605694389474
3802605614635974
3802605300247574
3802605253884132
3802605208155796
3802605082036583
3802604822198331
3802604755032943
3802604662519598
3802604650346499
3802604490828916
3802604431909539
3802604415117570
3802604318980153
3802604033386492
3802603731795051
3802603727209586
3802603559672195
3802603551277237
3802603542879475
3802603509181709
3802603470754123
3802603253491802
3802603090032067
3802602825470615
3802602712481392
3802602536089410
3802602448276796
3802602330400258
3802601944783322
3802601936648848
3802601847880827
3802601789722017
3802601705260977
3802601637923850
3802601529718910
3802601491640708
3802601465940565
3802601449660369
3802601374105415
3802601315885934
3802601299096559
3802601299094924
3802601273614939
3802601226842119
3802601215136202
3802601210063277
3802601064003660
3802600908044712
3802600845978249
3802600757817332
3802600694844574
3802600606513990
3802600526326199
3802600413069675
3802600216555442
3802600103725397
3802600057547632
3802599927413187
3802599805100500
3802599792845023
3802599683967637
3802599649895857
3802599336038963
3802599171699911
3802599134179480
3802598878997695
3802598778053055
3802598635511568
3802598622722635
3802598618715634
3802598412692235
3802598107070911
3802598106897834
3802598014552738
3802597800894336
3802597696205093
3802597511495771
3802596936184973
3802596894943734
3802596739034187
3802596605189653
3802596567781463
3802596546794118
3802596315820469
3802595942284119
3802595929883750
3802595825543225
3802595611452194
3802595510646485
3802594835646574
3802594776875890
3802594411920237
3802594311175172
3802594034122829
3802593958456658
3802593564744787
3802593338320794
3802593283516403
3802593203412186
3802593165406488
3802593085707068
3802592985957903
3802592880795984
3802592872401973
3802592750665616
3802592587219004
3802592457089789
3802592369397064
3802592319023841
3802592146717659
3802592025246698
3802591894672232
3802591853317123
3802591735599817
3802591613627310
3802591605238243
3802591542317663
3802591375107274
3802591295345390
3802591273856882
3802591236980117
3802591094249094
3802590976543232
3802590972481320
3802590955952141
3802590930370958
3802590862775416
3802590813222628
3802590771112510
3802590724933944
3802590695671158
3802590423061062
3802590389478589
3802590363869582
3802590184038249
3802590142059080
3802590062202341
3802589986082773
3802589961810540
3802589956719133
3802589843728433
3802589839984541
3802589441460357
3802589135607620
3802588816825106
3802588682484856
3802588544213221
3802588480717827
3802588455753272
3802588162169579
3802588111798743
3802588090810272
3802587926744538
3802587902171168
3802587814019511
3802587776519812
3802587449333403
3802587394501374
3802587290080982
3802587264633837
3802587256239871
3802587239706454
3802587218458760
3802587189328450
3802587164139286
3802586995522205
3802586920924814
3802586824377136
3802586564368255
3802586371525902
3802586308327107
3802586232349670
3802586161625924
3802586119372101
3802586035953522
3802586035735697
3802586018700308
3802585918027275
3802585805322200
3802585737958329
3802585666596264
3802585331223218
3802585226537818
3802585146774183
3802585096226971
3802585079438165
3802585033431495
3802584798459599
3802584764492073
3802584646755685
3802584488222108
3802584412139227
3802584211025353
3802583912973574
3802583875221521
3802583615442989
3802583577662928
3802583515051191
3802583497963782
3802583396999943
3802583363442430
3802583111760873
3802583099468020
3802583065619306
3802582751773922
3802582717858610
3802582713265614
3802582583795820
3802582453986406
3802582437190288
3802582353231146
3802582331547997
3802582096645283
3802581988225095
3802581925559726
3802581925557647
3802581908179086
3802581828713996
3802581661358788
3802581623577946
3802581543817134
3802581505753241
3802581485045326
3802581371957131
3802581366768700
3802581295459325
3802581287367340
3802581035686978
3802580918835510
3802580855869580
3802580645544132
3802580633632342
3802580398813570
3802579886932162
3802579715085436
3802579630918330
3802579622342568
3802579547428637
3802579496199092
3802579492659841
3802579437473621
3802579341299482
3802579228206857
3802579169318787
3802579165501047
3802579123176539
3802579018586600
3802578804381373
3802578800566378
3802578603694056
3802578602729992
3802578439137497
3802578380718348
3802578363632471
3802578305477379
3802578188359726
3802578183569109
3802578133635375
3802578112796506
3802577861184031
3802577756105045
3802577743127572
3802577726721338
3802577638959128
3802577491397923
3802577458444221
3802577391537929
3802577294988216
3802577244498881
3802577244223236
3802577051770772
3802576967448453
3802576883753250
3802576783006525
3802576753624109
3802576724604127
3802576631896164
3802576543397554
3802576489791539
3802576216845312
3802576141282480
3802576128686641
3802575944316937
3802575931653995
3802575906463694
3802575717552546
3802575646504833
3802575499237901
3802575360495223
3802575205610918
3802575118081726
3802575109075930
3802575046717899
3802575025993344
3802574932899746
3802574840994212
3802574782514388
3802574635844507
3802574501240807
3802574425342419
3802574270899156
3802574195338788
3802574069666986
3802573813354201
3802573704474054
3802573704473420
3802573679521456
3802573519766316
3802573457292376
3802573423708689
3802573406918273
3802573343717712
3802573268386973
3802573234804496
3802573217268277
3802573146431326
3802573054557143
3802572744180988
3802572744178836
3802572492573712
3802572400220178
3802572286688556
3802572286877214
3802572215328661
3802572173350326
3802572127618313
3802572056254239
3802572013651225
3802571963314710
3802571950798548
3802571934778259
3802571791886119
3802571737480036
3802571422759055
3802571376733274
3802571242158421
3802571191822502
3802571162774958
3802570999071627
3802570818160792
3802570479193488
3802570419665549
3802570386733095
3802570352550323
3802570281576449
3802570168815262
3802570042786492
3802569908816074
3802569841552241
3802569828959036
3802569636210495
3802569627472968
3802569590030730
3802569581294210
3802569510266306
3802569468286603
3802569459342843
3802569413643357
3802569354877705
3802569245742050
3802569183102095
3802569107067253
3802569078091191
3802569006730486
3802568906305717
3802568658498788
3802568495420578
3802568486724565
3802568445046772
3802568427448665
3802568331388026
3802568319087342
3802568272244788
3802568235394000
3802568230904208
3802568176623181
3802568058804742
3802567941536003
3802567840788870
3802567790418882
3802567727453865
3802567613679457
3802567609484558
3802567547487377
3802567530695004
3802567387166120
3802567383773399
3802567366192836
3802567366539367
3802567253902914
3802567185821367
3802567178341054
3802567161547678
3802567131908601
3802566900930748
3802566834135162
3802566775369357
3802566590525215
3802566486227613
3802566217611984
3802566183553143
3802566083289007
3802565618066317
3802565437385190
3802565412196456
3802565412197725
3802565139431286
3802565139076876
3802565089251491
3802564980033411
3802564875437597
3802564766302219
3802564753709835
3802564724326249
3802564657578594
3802564623997687
3802564548288040
3802563650536147
3802563444687238
3802563281761621
3802563269168633
3802563256577472
3802563193106048
3802563147698652
3802562858058975
3802562790806018
3802562790805352
3802562707198945
3802562656450869
3802562610649007
3802562488841578
3802562455594781
3802562233051791
3802562103248267
3802562077739733
3802562010894411
3802561935333020
3802561902014347
3802561860036891
3802561729063411
3802561662740495
3802561654344158
3802561343970011
3802561260274629
3802561243189239
3802561188910868
3802561176030322
3802561092354250
3802560987387839
3802560970880225
3802560916029831
3802560798108201
3802560593022209
3802560538720389
3802560496744311
3802560420695009
3802560358485001
3802560295261242
3802560287121864
3802560161187317
3802560072538185
3802560010087247
3802559993540661
3802559896748811
3802559561207746
3802559410043418
3802559368596314
3802559360200215
3802559351806532
3802559246645431
3802559175286913
3802558932086465
3802558915293494
3802558898502165
3802558848129305
3802558777229780
3802558663888504
3802558647098278
3802558588136259
3802558520969767
3802558508826574
3802558495784767
3802558252576229
3802558206575520
3802558118679231
3802558000974246
3802557912986563
3802557862455190
3802557795292357
3802557787314829
3802557727983081
3802557602457648
3802557569286842
3802557392841351
3802557221134983
3802557102858850
3802557006914197
3802556830323794
3802556810011455
3802556797418500
3802556763718735
3802556734333119
3802556721524116
3802556646293734
3802556633963250
3802556591613325
3802556457652211
3802556428269659
3802556218644014
3802556218163374
3802556109408898
3802555966691462
3802555958642892
3802555946049182
3802555904071389
3802555802891715
3802555416594797
3802555274924212
3802555224026073
3802555086024587
3802554985232705
3802554926462128
3802554926203780
3802554905473979
3802554901586004
3802554767215446
3802554649972755
3802554636770789
3802554578045866
3802554481440343
3802554473664313
3802554460466892
3802554448010402
3802554355727927
3802554267512020
3802554243053037
3802554171417861
3802553923675706
3802553848728843
3802553794421899
3802553748242352
3802553731447914
3802553706264009
3802553571191985
3802553554806401
3802553517109391
3802553286727323
3802553206960665
3802553194367792
3802553114855753
3802553060288185
3802553022272897
3802553009915476
3802552938318729
3802552933597226
3802552908429049
3802552883656112
3802552665739052
3802552627960678
3802552531677235
3802552481519031
3802552414141965
3802552313179363
3802552263028053
3802552229915529
3802552221519946
3802552158553649
3802551948470471
3802551805622520
3802551785214967
3802551726260253
3802551722062281
3802551663478592
3802551558360745
3802551512448081
3802551264789006
3802551222813093
3802551151715179
3802550983817367
3802550891466975
3802550883069409
3802550837158820
3802550678053567
3802550551713276
3802550484813636
3802550430246433
3802550426046158
3802550208165262
3802550040131913
3802549981194507
3802549918400633
3802549830514914
3802549712733146
3802549700376535
3802549616428670
3802549579025439
3802549511863017
3802549415570468
3802549394211074
3802549285432563
3802549218167193
3802549192591708
3802549175813279
3802549017033315
3802548890426607
3802548655946437
3802548626565863
3802548568062420
3802548253553948
3802548094291508
3802547976443508
3802547871763009
3802547498442387
3802547053562545
3802546990814838
3802546978496144
3802546764129191
3802546492081055
3802546475289319
3802546466894705
3802546437258877
3802546190097654
3802546101716092
3802546059420150
3802545996989381
3802545992573277
3802545988374998
3802545925407229
3802545908613698
3802545896282477
3802545871092899
3802545871092071
3802545858500762
3802545824359357
3802545757754781
