3802604662519590
3802844823662010
3802652179310150
3802602712481390
3802575205610910
3802811693440200
3802567840788870
3802670735468600
3802628805305270
3802590955952140
3802586232349670
3802900780251020
3802798078579530
3802558932086460
3802660463952310
3802593165406480
3802554905473970
3802740566445520
3802704608921080
3802615768452760
3802613550114600
3802607409784050
3802599171699910
3802569908816070
3802558508826570
3802557602457640
3802549579025430
3802545996989380
