1200903855
2413016101
1279943763
1170422093
2761024825
1799441750
2698425794
1449075381
3838960133
1407201952
1279384273
5403509636
1419179653
1868997782
5063297866
1863035774
5332471218
3258226812
1235180193
26909765
1246583507
1678200072
2281196260
1409315103
5327831009
2285480105
2037416101
2309509911
3699176557
1071321857
5052699935
1466471414
3279613221
1099118045
3854116837
1855032717
1400950490
5206947725
2042067115
1486377442
1486377442
1627886825
3214517823
1668298225
2031731867
2470278643
1422064301
1765756741
2928558614
1408843507
2804771423
1252698530
3470552754
1247621114
3655562924
1065154284
1486377442
5436101057
1877259537
3028047571
1923205872
3083003132
1409315103
2829639952
5391271783
1029663185
5226028239
1076297177
2325418672
5366003354
5124609508
1289234335
1661879501
5159671581
3841426371
5366538455
1419142631
1039325272
1486810424
1990368353
2367251483
1653279274
2296321684
3775512717
1731538877
1469963837
1611983495
2402872263
1969355925
1645457702
2663365893
2213100995
1689074940
1309220373
1826376733
1041647063
2438039870
1442856935
1931893100
1884885663
1309220373
2327896407
1368068083
5356920015
1887176347
5339221821
5206936802
3236548090
2073725025
2897360260
1452303651
3796709420
5332544744
1291382135
5063297866
5366003012
3250161245
1938069911
2232799302
1251039775
2914589101
1507323303
1357734243
2461920795
5368764636
5039787393
1484297582
1423702275
1419142631
5206820089
1440070174
2663365893
1871969907
1868866213
5337224692
3238659050
2742816890
1656382880
3625923590
2189495863
1652570571
1352902303
1340307934
2190374025
5465717938
5391563747
1417599571
1341064600
5014553229
3197725794
2715076555
2874511295
2276703275
1859223577
1454142872
3904315880
2315342805
3351494952
1914570994
5206795558
1408568474
5150542024
2652927070
2584263284
3794094974
1863493252
2294458261
1785447822
5280342213
2932478275
1458015643
2023949963
2779671220
5330238418
2735194130
2470278643
1402993453
1082315772
1689074940
1647612622
1593977433
1352684824
1052431455
1264429683
5356453255
2461920795
1309220373
2277681477
2190374025
1214025135
1897102321
5063297866
5401328079
2608213481
5376301078
5455696327
5330238418
5409495416
5409480606
5405237241
5353784033
5063297866
1400290960
1583987930
1903449272
5063297866
2926359001
3310729072
1719440435
5014553229
1463567957
3305356863
1346962703
1214025135
5397093538
5422416440
1709027033
2679422017
3305356863
1327382610
1065154284
2369416242
1336805575
1445912027
2713270945
3078920083
1038351487
5428667217
2273164523
3255370662
2698425794
1327382610
2938497630
5280224147
1826286414
5312421656
2521648584
1682214900
1002774451
3309990521
1637280872
5426649970
1273927657
5353243078
1401560104
1766861627
3520221877
2743182332
1257070407
2271032877
2524136357
1843827483
5459775150
5063297866
1420486364
5341325662
2765955915
1406804651
3930643169
1944492777
2437060457
5447162464
5436236088
5473373321
5280280547
1655244141
5063297866
5409712610
5063297866
5282041251
3127251532
1782296555
5052699935
1689074940
5226101784
5206962598
1288666360
3276905760
3127251532
1855593804
2784186302
2818485400
2396196297
5435943951
1400034225
1179719171
1926394620
2642874692
5063297866
1052431455
2182590783
1703523390
3852447157
3906926880
5165468398
5332753937
3995220699
2883446774
5400377255
1327382610
26909765
1409052363
1702763993
1009767144
2472379841
5353152161
5332482207
5155733327
1786913883
1231317854
1979270514
1799549520
1843926487
5332482207
3947791193
5152469950
2313610540
2013342450
1780453993
2682554767
2186744812
3950892796
1508798802
1319448373
5332720301
2669092980
1863493252
1646438245
2734365417
3305606362
1884151457
2275853541
3359077210
5337336802
2435798853
5365769998
2359302501
2464249664
2281432921
2695199082
3022820803
1416340302
1335814351
1688356921
2376055413
5206683538
1236129642
2342902337
3508749342
5342442729
2988239164
1797745187
5337914254
1849993667
2150146710
2054601733
3894720443
1656382880
2217374402
5063297866
1921644405
1846542323
1263373283
5132699334
1623640601
1623640601
2883453650
1225851431
1885296617
1276081491
1683713003
1225877621
1281679337
5494056884
1707000181
1640405120
1353408300
1006802623
2097780945
3308064673
5031613233
1674471395
1251039775
1050032232
3315433132
2954524147
1073237320
1709254510
5206936802
2696481994
5337412524
2663365893
5339209717
5376729362
2231954460
2897360260
2563574043
1767153373
2695199082
5138822456
2456993703
2670160535
2563574043
2474544233
3123461543
1405529737
3481646015
3702916761
1936403303
1570858680
1154356684
1921945475
5063297866
1323784251
1262755374
1785708683
3235428353
5383986893
2157739193
2075709835
1281214323
1659104230
1363017755
1647120180
5409237129
1059334673
5159671581
1823353780
3289797330
3910535261
5063297866
2697996922
2595365775
5366411300
1319330371
3239963883
3805942337
5309382320
5247340773
2392274677
1461170694
1477684915
1704165722
1759517911
1915296101
1926687645
3973237532
1400290960
3950928286
1317534030
5109063811
3077649281
3881328660
2830038283
3970512856
1683146733
1919231411
5391196013
1942135421
1289234335
1799455005
2438039870
1220014741
1038351487
5128196928
2914057491
5382216028
2716978191
1438848127
1750029464
2454547683
5446805922
5128218949
1322781194
1933787091
1170422093
1768579194
2677493405
1788586515
1884151457
2207695282
3967192228
1342993212
5464949561
2423886277
5277073023
1327382610
5387850762
5376301078
1590263672
2167915475
2452534141
1884151457
3018654255
1256324124
5336961398
2704966795
1888817185
2539453665
5147696437
2984116480
5455253506
5365871144
5256837490
5032764627
5128977394
5030813322
2413016101
1811085852
2897360260
2963293053
1273677427
2900214154
2565792037
5384030048
3979291234
5127146720
1154787433
1412054367
2018921403
1759784875
1365056183
5211054567
1197542050
1465035664
5259694444
1446570735
1411981822
5124580261
5226080258
2373564647
5206962598
3197725794
1496880553
5174993999
1725457211
5127241740
5491108554
2640025894
2217633645
2667929502
1455763377
5376644578
1093332254
1053186774
3313400661
2290984505
3951694828
5409112535
1767854331
5063297866
1219760062
5436100784
1957890622
5318509741
1568314302
1893612681
1839885332
1867291391
2830038283
2263194680
5286942766
1065098733
5383986893
3300091587
1402825134
1082327585
5415722932
5165436886
2358429622
5259338266
1327382610
3282948212
1659079300
5280392196
1737541533
1268601724
1612029923
5398745313
2408730715
2362586325
2563574043
2726842542
5063297866
1495387277
2255748817
3319368013
5332569008
1645253664
1826286414
5138822456
2659340824
1879099475
1130252645
1017899314
5103581246
1404850157
3151996967
1789837997
1663777407
2309761293
2890470970
1418366533
1963761255
5409226861
5409776391
2514395510
1408026355
1112218333
1496496421
2413016101
1655852485
2697996922
1097504280
3166400547
1039510964
3570384802
2085527275
5063297866
2114064334
5282020619
1933364534
5409112535
2097780945
2606808733
3281925980
5096032692
3282764605
1166103253
5282321719
3810071472
3531730120
2663365893
2413016101
1347495701
5398386379
5446846192
1473315694
1593577691
2667780753
5311106510
1472431323
2075251807
1654376902
2413016101
1275224472
2413016101
3044566477
1688975002
1873698327
2265446817
5259517570
1496496421
5246358601
2473867090
3275714271
1038351487
2713270945
1350974934
1915303340
1669951295
5340002188
5345864479
5428667217
5459617073
2147330445
1496496421
2659340824
2624584113
2698799490
1074969282
1460254965
1173221742
1402795003
5406697482
5478348885
1220558793
1611993361
2897360260
1615946983
1740170870
5342717082
1423582892
2174176432
5126491776
2083828352
2081601483
5259338266
1597438460
1443814624
1615335413
2197963562
2022493213
3035224551
5337914254
5337253669
2167915475
1879352201
1400225157
1070860723
5371865171
1082336925
5259469362
5063297866
2960044153
1214025135
2566502307
2435798853
5202978328
1702763993
1303867595
2759308977
1863754993
5353190814
1340307934
5353191866
3602715175
5282342951
5353111486
2474544233
1327105772
2111961484
3516418443
1245107691
1355196413
5259694444
5382205725
2740610944
1064365532
2841580294
3939991374
2938528487
5387850762
2624627803
3942970417
2263194680
2796850970
1797959787
5391151597
1064197295
5393724643
1954579002
5063297866
1433459542
2471236683
1174954750
1668763513
2393972172
2003553457
3037327330
1668784413
2258923410
3169238690
2114064334
2327359090
2187492785
1795534290
5332567469
1292287655
1589792911
2037636667
1483640521
3509283832
2606305975
1664733874
2218655180
1986506713
2303028773
3756773490
3142972492
1366213523
2195343887
5446959915
3290485571
5351748446
5312628573
1923051423
1006654497
1445935873
5387850762
3784272724
3214288974
2897360260
2942208901
1053186774
1431912121
1330461590
1112218333
2001198675
1349219222
2803044894
1344283175
5263234532
3942970417
1404669767
42239156
1640474935
3852447157
1173898821
2708178781
3161053541
1822279571
1565198642
5357092761
2290371787
1967048567
5242554780
1834481742
2075251807
1836466581
1240003014
1962503247
2927427601
5259694444
1920251301
1494789960
5063297866
5339221821
2011477971
5366086470
5353147620
5038354702
1673839432
3775512717
3884606818
1603759222
3197725794
5397296546
2691805762
2705236254
1188411612
5428900660
3319684421
5366051543
2232502331
5366003012
1291393084
1409315103
1948390777
5377028185
1665244223
2413016101
1564078297
1834113681
5361569517
5259491446
1627886825
1201823744
3967812176
1173221742
1422172423
5365768904
5057395754
1715307685
2535519632
1946057551
3305356863
3656359794
1496878827
1421009652
1417599571
2077006143
2339651781
2383447887
5063297866
5234512554
1857034580
5282321719
2643962133
1406649894
2693368004
5381930567
3018654255
1676154871
1965790093
5243243211
5363493777
5063297866
5063297866
3811480683
1236474207
1807882185
3823458725
5409308354
2132132340
1296616904
5206795558
2346225573
3882608867
2670160535
5405204981
2181296183
5063297866
5353191866
1904225654
1349372063
3570402392
1687106651
2922601717
1677087295
5406697482
1919068845
1319448373
2550889650
1406357431
1277344037
1936403303
1958881934
5391196013
5286942766
5436053320
2021697095
2365401513
2263921764
1486377442
1112292020
1589218247
1957890622
2356341217
2650589704
1701007547
1752459333
1013622241
1401592994
2019797884
5366086470
1685495691
1986704372
2897360260
1489873822
1965163542
2884510707
1826855142
5337488295
3309809255
5342622832
5446859733
1431408260
1785513541
1043552202
1088674304
1968910027
5138822456
1155229893
3915481092
2109376923
5372174793
2734365417
3835054350
5349828728
2575837087
5138822456
1592234453
1410468827
1281214323
5485671347
1268601724
1149871495
1741344130
1734457992
1282551515
2277955170
1945113182
1385460421
2904151814
2413016101
2435798853
2592601807
1076297177
1097213064
1293990340
5063297866
5382074725
5426663750
5357146371
1053186774
2474544233
2542858677
1623640601
1103674423
1909003063
1637354170
3906926880
2950326765
1404669767
2702797163
2292978051
1523039935
1301151630
2772089615
3090589422
