5271333139
5219634249
5175687533
5039081333
5034790793
5028423999
3977506390
3971863901
3941094672
3939529821
3931508808
3911269835
3928304689
3905950374
3900484017
3848340712
3823630742
3744663657
3698363621
3691301143
3685615842
3557100484
3538909014
3486080964
3435245570
3341487680
3318075491
3308384827
3285010371
3276726480
3256727663
3202562982
3194187021
3175642903
3165184145
3122647581
3112343644
3093071985
3061958757
3043313542
3041819370
3029661370
2997418174
2878359422
2876490070
2855959423
2852936104
2848450473
2759832695
2756470161
2752172261
2740436405
2720508541
2720479471
2708752171
2680956051
2675353041
2663533451
2657133493
2655289001
2626006051
2610767715
2606782903
2602400827
2586514334
2514655417
2508008602
2437652377
2432550377
2418018545
2414696327
2380345297
2345252861
2343853307
2336799514
2319603464
2313864505
2275413362
2253382530
2247720125
2202731630
2191800520
2188421702
2187614981
2158152930
2153170457
2120999533
2119287014
2107178752
2097883371
2089295671
2072873731
1979747665
1968271321
1959841025
1956481737
1942700742
1942385355
1935399145
1933335332
1918853194
1915184791
1899057443
1895788380
1892848612
1890217373
1875128635
1867790553
1853323814
1849209637
1816416280
1805413840
1786822605
1763998495
1761591060
1746696041
1740130105
1734235420
1719929020
1697812882
1679031031
1669578094
1665174920
1665162892
1662298505
1659480762
1655633005
1653654197
1643122412
1642046481
1634005403
1633394510
1626095121
1616254163
1603024312
1566496624
1561923604
1558650583
1550375003
1502150350
1482923177
1462818775
1439073425
1435822991
1428690210
1426486531
1425934853
1423450805
1404672315
1394412883
1391530821
1388971727
1365987370
1351073037
1350714455
1295224683
1292419722
1283050744
1282300177
1271208961
1268959305
1252371280
1237950234
1229967015
1222814211
1198921757
1194329420
1171418411
1152761415
1144922853
1137904055
1133427465
1132185494
1131544381
1040611910
