1971604995
1193491727
1900093290
2610101641
3218074584
312166043
2359804337
611986012
1866205835
2705842562
1827392023
2128924161
1719761281
1649005320
5347290193
2601634151
3169188017
1040482460
1898387210
2518078133
2545089850
2174974760
3511889377
1009818530
5341311736
5427390662
1898471472
1321674855
1662429125
2897830693
1900195764
211618047
1803519527
1182389073
1182391231
3891787645
1898472192
1886706617
2626218451
1895250515
2145291155
1152531173
2011798621
1900199792
1550877863
1752915592
2153683880
2553581560
1974602033
1904778751
1676704223
2000373865
1898383422
2818771341
2878572572
1165478194
2012169685
1866635970
1190407882
2956282005
1898383742
1984098351
1814841260
1972088593
2827358934
1884722710
3654808112
2390090573
1973197953
1880143303
1675977211
1997697193
1877664273
1739570023
3687167197
2158852720
1652659760
2330293227
1940141683
1830175015
3125164955
2726876641
2718952441
2620044673
2540476605
2203420375
1736783804
1716859953
1106191545
1650041853
1444801825
1098945170
2596892832
1814762277
2773381762
