1784473157
1750822455
1638781994
1691378173
1977460817
1695270023
1887802145
1974808274
2083844833
1699540307
1642632622
1649693245
1895863152
1649159940
1651428902
1641561812
2927573465
1922219715
1668744687
1663072851
1087069772
1644119190
2255642482
1645705403
1639498782
1653689003
1191965271
1315591982
1267454277
1578839965
1681029540
2286908003
1642512402
1974576991
2375086267
2803301701
1618051664
1314608344
1644114654
1709157165
1893801487
1649173367
1786873284
1650111241
1411163204
1864313207
1497415677
1644948230
1708265521
1655068234
1907647761
2566121453
2384122784
1784473157
1750822455
1638781994
1691378173
1977460817
1695270023
1887802145
1974808274
2083844833
1699540307
1642632622
1649693245
1895863152
1649159940
1651428902
1641561812
2927573465
1922219715
1668744687
1663072851
1087069772
1644119190
2255642482
1645705403
1639498782
1653689003
1191965271
1315591982
1267454277
1578839965
1681029540