5319178080
1900093822
3199651090
2562578087
2056731182
3229962754
5219217771
1919072083
1047905121
5386047190
1061354313
1877232211
5217901447
2072751944
2475594714
2782898933
2152100202
1288339014
5471085083
1421849754
1984206035
3627971524
3161895437
1663019387
3462097154
3819650045
1497094865
3315991291
1717691633
1114426803
1624106334
3947457006
2056731182
2486522810
3634523432
2573237900
1879566034
2296940715
2607146391
2326292817
2520383385
1758463843
1644489953
1789599921
2917056474
1421849754
1618051664
2837580110
2729802057
2521591153
5036401888
2074688155
1638912541
1421849754
3760344595
2409187212
3961265355
5143100278
3720428435
3604246615
5360780299
1116500103
1569479894
1825510863
1061403254
3057505637
1415874581
1246228000
3855241769
1094291941
1286475281
5021834940
1421849754
2027764571
1951875741
1466177412
5170645105
1821297917
2394419133
1450389637
1251520391
2000474963
1295343232
2725935683
5058841029
1886218413
1942614081
1356059524
2923710173
2426980490
3101596747
1715664635
2013610352
1351041970
2163459194
1559410815
1718626601
2124241201
2773849587
1223834911
2759936887
2458371534
2002527743
2107572435
1120856251
1780961413
2118923223
3907495029
2141817924
1285714165
2255933100
1648216270
2704370010
1835476847
3851872166
1418367742
3802867066
2738352803
3499634672
2038116043
1959858840
1662245660
1435158482
5444663763
3001428705
2521523741
1374652994
2816346614
5137977018
1703659027
3225742581
1636479250
3186258990
3694446721
1951129741
1650756212
2641927527
2365969127
1867517512
3694766293
1442676317
1686998471
2753204075
3483779045
1930788362
3164501035
3907495029
1778680035
3720393223
2173474410
1319417172
1960404197
1439604070
2359224985
3149304081
1925167084
1686567555
1287055707
5057578989
3138437642
3908457356
2549440961
5204374793
2680206195
1432287591
1959797291
1770603757
2066981517
2102629213
2521591153
3549226794
2162354715
1824308347
3152916303
1262716254
3893632822
2419357997
2191073702
3198971142
2710439753
3608076852
3796297104
1708532562
1417138973
1003301047
5155640347
3591164892
1422294402
2607898175
3216119301
1500212501
2611305817
1968341072
1942320552
1345234127
1165759483
1563103820
2611644743
2579662914
3199897724
3177183370
5026194938
1707594663
2285473453
3639470495
3255622910
3901569516
3641894967
1744259092
1628767333
1674390285
2457308152
5265063078
1876219003
5013746415
3965734078
2508807173
2196825921
1748547134
1043990542
2814308030
1367056103
3269219370
3562112587
5102588708
1951875741
2818039455
2590383211
3041052754
2530873560
5306688147
5143100278
1058106635
2289469895
1654307674
2998969465
1803387122
1061403254
1912395581
1106866912
1370489315
1912579011
1455500290
3209931185
3117158821
1569562027
2449889265
5134119285
1891780130
2827340682
2576983553
1495480067
1996838443
2295470983
1404091993
2674837930
2567807401
2562578087
2317078015
5174074616
1149216974
2238359495
1495364055
3189952922
1051202963
3182927390
2109376923
1131491197
2030898101
3015329811
1053873344
2062896564
1233791097
2709129671
2176568543
3268780461
2238046141
5195911317
5242025619
3267286962
3713925691
5141925761
5327252481
2407741307
3591203622
1693466161
2937116460
1497058991
3644500941
2564075084
2721931241
1263373652
3199651090
2246173784
2966126922
1875373134
1100046614
1232310295
2103824457
3964700191
2760296044
5089544203
1908923637
2681791353
1904875041
2685336121
1237471105
1310242317
5225572673
1212935411
3982129593
1110352704
2947760145
3922736826
65214113
3076934211
2184224280
1980684173
1603933053
1654307674
5143100278
5067422879
3895282179
3639470495
3138437642
1038984411
1344703290
2475594714
1225528830
1822890117
1761015845
1048395532
3954515824
1772093157
1400940363
2143888804
2654852814
1029826121
1131469567
1014955627
2917310267
1500212501
1110486920
5280449994
3928399345
3198707033
1289248067
1761145527
1605216590
1377628872
2077860343
3227849621
1234669437
3261441540
2965403537
1320143205
1840768135
2372604903
5275091696
3720393223
1413074654
2585089061
2364671072
1977460817
2983250754
2469983401
5287214806
5096032692
5278218012
2793848197
2232478850
2281949920
1356873445
5122922154
2996454925
1616949161
2793057427
1120664271
2280588725
3151597557
2420703255
3777903217
2945166722
1114426803
1285311955
1444827810
1311556694
2784743810
5104850930
3002586017
2157811630
2023280621
5070758253
2817789571
1772190152
3631473735
1782285257
5315508848
2292848581
2983250754
2349317087
1155509720
2384468802
1749929762
3830149332
3174854162
1453111685
1992847560
3456690570
1450335455
1801080823
2205519420
2806243104
2246173784
1366978875
1908120593
1867517512
1515674405
2265606760
1660993874
5391714513
2286908003
2094679894
3597268132
2620088113
1411494597
1877962415
1579892677
1234994780
5145757019
2514963787
3167571163
5468042472
3199897724
1172216314
5250312301
1812014253
1651938303
1410841553
2816844663
1771106623
1687340834
5331404272
1717300640
1742847851
2606564695
1116500103
2027548275
1061354313
2564570137
3416107720
2349401331
2048899811
2318912437
2791961164
3995742138
1867517512
1688221335
1965163542
2345135147
3607395514
1659523137
1077600451
1823536552
3759258557
2660636671
3549226794
5353071608
2598902247
3174854162
3884064058
2140655693
2869306894
3246354554
2344897390
2205569097
3261866241
1312571824
1733332235
2381817975
2359171155
1275431022
1725681173
2930806633
1911413545
3972271336
1692737304
5442499311
2650139713
3243639515
3349181382
5186453431
2784743810
5060892053
2643858841
1627060534
1292291545
1395622123
2373365364
1723343590
1010183542
2464093805
5194699620
2277955170
5285050320
1267330015
2459836501
1421536410
1500212501
3175660207
1999256573
1745296014
3088925402
1995857887
1355206365
5128044696
2637290674
2948804340
5140249324
1604294064
2190406293
5262089933
1894932871
2140489314
2990184185
2635396452
3622995285
5309044138
2144858105
5138724540
1500212501
5384009152
1642651585
2480147203
1149216974
1241709214
2069340243
5346443553
1162019305
1405405131
2992757403
1814401275
5346443553
2075100904
5052421651
1487073875
2913250187
1863978724
1093321700
2049275627
2173474410
1926367307
3514903553
1230918604
5286932917
3221175175
3966850533
1840584017
2827340682
1251625991
2949004135
1025884697
2056731182
2632112295
2185716485
3226360714
5182012895
5374746796
5255862255
2643667302
1699540307
2448313197
1202875437
2285473453
5414482125
3740508153
2645747721
1275515571
2550889650
2605421690
1870379655
2975596260
5247511670
2727082594
2284489834
2306865031
2534616035
1828604741
1207973667
1223834911
3025072444
2056731182
1421849754
1774186735
5316730056
2382615460
1614202742
5070758253
1054702683
1401563361
1101211531
2190804312
2493682383
1598304771
1654307674
5306863396
2633588251
5271489054
2285473453
3911801197
