1444650824
1681053824
1701830693
1404526072
1780417033
1850145517
1671342103
1644471760
1092040422
1578625925
1676133907
1688840185
1496832197
1645113727
1193210930
1759224463
1724196104
1278532045
1938670313
1780676151
1320470827
1732523361
1643169402
1230663070
1315617462
1610021391
1191965271
1725235790
1908889261
1702925432
1236589902
1639036967
1862237707
1630856882
1404411345
1644510497
1755370981
1496862363
1646181434
1670645393
1641287674
1197964571
2514402092
1219952281
1292808363
1669763744
1649412427
1827750895
1801322143
1644620631
1218015025
1692769643
1685581583
1642512402
1697076634
1977568560
1401404047
1785884091
1187986757
1650450024
1043151571
1422308692
1400913802
1657809832
1719712824
1211107793
1197069394
1735950160
2692230851
1195019732
1848304395
1851524785
1658364043
1747118043
1400746721
1248577183
2131819280
1614282004
1822796164
1750034170
1193725273
1850228051
1195230310
1769400853
2435412835
1726403104
1045529987
1259193624
1718455577
1667502093
1612188637
1677242613
1765373140
1222425514
1737847545
1663072851
1028938983
1780808275
1937165745
1919716661
1915671961
1808158822
1665074831
2389743060
1526478817
1920061532
1806806055
1640337222
1908614217
1443511045
1719533787
1840216070
1644088831
1657681711
1721030600
2105426467
2724479512
2439123960
1401921941
1743196882
1627021537
1254433995
1225419417
1195300800
1668352943
1705338574
1709157165
1614881283
1683936900
1085896660
1092493017
1651428902
1676173262
1708643783
2009805327
1988800805
1378915695
1997801015
1477045392
2115173504
1905464717
1781789543
1672785037
1889729834
1650569064
1890135602
1246447601
1641337330
1830438495
1642632622
1732116502
1684804277
1189852602
1707666457
2437229713
1695693045
1497505380
1699402273
1220017475
1401663921
1068339401
1296234914
2299862532
1188384461
1180893965
1252036043
1687445053
1706936455
2216755173
2604238851
1288803057
1197161814
1410242783
1624763627
1769867744
1182417191
1642051034
1774252962
1965945984
1162178432
1741069204
1686546714
1774973592
1711759320
1738261305
1497293604
1703704777
1195403385
2128709774
1824553760
1745666100
1738686512
2290336945
1816011541
1198927192
1753242605
1219769921
1411566980
2093662625
1262945510
1851881587
222702277
1735618041
1686487071
1785419094
1581391477
2020665625
2115293600
1876521655
1820331862
1496809967
1676160070
1652850653
1371627930
1363695267
1736184365
1439486270
1829451103
1221741654
1693506573
1932619445
1783824247
1828619343
1796329425
1448495451
1642316384
1663735900
1663937380
1094499825
1851563345
1196235387
1657776532
1662082055
1894947983
1774891337
1662717013
1811148004
1497983190
2281780437
1495386952
1812591014
1280761142
1617902267
1801990302
1306800005
1420862042
1220995122
1851497955
1668244557
2003347594
1219701947
1654741967
2317769433
1734762211
1649768613
1648162035
1757961611
1245700197
1728860841
1405504380
1189926755
1678221494
1577836394
1496977420
1707470520
1496915057
1724145252
1256177501
1339440642
1973644691
1058415305
1407365952
1644274254
1661921374
1349398624
1711523125
1748363063
1926909715
1743470345
1808244527
1890443153
1774215705
1240067740
1651047782
1644449921
1229595043
1708853044
1219795431
2002435741
1770024362
1643954857
1653463313
1741865482
1745573472
1786969811
1392968862
1009849144
1253618170
1638988052
2123664205
1686058775
1652468202
1752162633
1644071967
1952854883
1737597661
1255849511
1320428757
1733779624
1774955084
2136360904
1654764185
1408895495
1842262067
1649155730
1639483893
1632922753
1756667731
1497700524
1778334083
1656737654
1653195803
1740334623
1944315893
1647865744
1662724362
1409282165
1266286555
1360634974
1889375600
1650111241
1583038204
1191312074
1756490013
1763582395
1627825392
2097270050
1644050922
1180316095
2312593714
1666207480
1675217467
1661598840
1686395564
1826792401
1779632383
1495199437
1713458220
1198389164
1501700592
2156466452
1193258161
1558578472
1802742227
1280289893
1479770325
1275017594
1687198333
1404535915
1496883920
2708314714
1829604051
1646191813
1664321624
1912913160
1211710022
1744395855
1575527140
1883003324
1238802582
1776389217
1712686623
1496867634
1939196900
1741692611
1691640722
2300716454
1025916607
1722647875
1951657750
1214686260
1899758880
1647375747
1617894857
1686192095
1879744770
1648664373
2152491057
1182391231
1642624462
1866179020
1770735827
1654192490
2159863893
1195883527
1748034003
1736337755
1933324977
1827541675
1642351362
1878821980
1822674203
1563092034
1189711610
1255260021
1244589914
1178087345
1731428870
1664971205
1682454721
1761047370
1740961333
1059271500
1496814565
1197890497
1654141992
1686695115
1641468051
1736360395
1853949425
2199421412
1716731735
1227636382
1074474512
2040620685
1218098864
1642069525
1695247672
1497642751
1670621277
1874025570
1495085591
1499102183
1640631034
1222601781
1751309223
1664679101
1682207150
1787261435
1768249682
1726644942
1925575883
1321713294
1764452651
1756505647
1729196172
1975995305
1645683843
2477140775
1069205631
1640601392
1822720981
1655762240
1644489953
1412773094
1804764963
1097157853
1625878051
1667480033
1179546402
1497628144
1654159825
1364233411
1417150062
1569249227
1985551380
1706411547
1414582021
1414898045
1569160390
1658004877
1713656503
2143550005
1828483985
1794632962
1796951827
1191042674
1229385395
1697850825
1745493885
1661307294
1218555153
1497330367
1003763994
1632067682
1222154814
1052767975
1642283520
1735850285
1926746140
1197197733
1768050454
1309388607
1404927945
1195301385
1699908074
1340833387
1800453274
1577815384
1497117900
1400235930
1399418260
1443920191
1647497355
1909380872
1652657135
1744583555
1118597080
1802726235
1985543850
1649189521
1628695505
1775895885
1654622023
2382548764
1379674067
1897054331
1700420845
1720084970
1644645775
1992523932
1938487875
1750257332
1945133444
1651076991
1257866011
1195228387
1659494075
1401118864
1772439462
1773041022
2010577105
1198248427
1303154437
1150051862
1646007755
1810395213
1042820560
1700719943
1198253935
1711918131
1233536692
1827257141
1803385765
1451757570
1195031270
1730822053
1518966617
1040482460
1655269664
1826477964
1727933223
1874288545
1392945757
1582488432
1748963770
1560956354
2143675435
1642634100
1247685455
1732387164
1700757973
1670065404
2718554924
2147055660
1679939170
1916803450
1400217567
1228196907
1708250624
2217861667
1224016560
1263762522
1231759973
1197227673
1812671331
1080538945
1345625994
1104503584
2284899453
1097414213
1495452561
1644625840
1717858734
1719232542
1027148543
1401531062
1668938145
1971604995
1665736437
1439225915
1784501333
1668106584
1812557667
1762436132
1640023754
1215031834
1760125267
1744359145
1648766385
1733787604
1797007051
1688252780
1432600341
1638782947
1859928312
1700867777
1686233063
1653974425
1648320064
2024906041
1285020581
1684012243
1655790102
1243115577
1689379471
1738171957
1870097641
1743789792
1195813085
1653249563
1735702863
1650306337
1404134190
1640571365
1417779943
1431419007
1644065993
1197931472
1560422145
1663026093
1658802922
1921434455
1652867473
1798772760
1295335802
1197487813
1636148844
1287094001
1652435915
1773384370
1136080461
1737841927
1426902011
1639138142
1916160142
1211397734
1355610915
1879795645
1871721375
1734686732
1248351970
1748406237
2627548061
1680313495
1877243221
1886003195
1775466497
2113076563
1649949231
2160371650
1831297574
1822453704
1886706617
1678862287
1736499131
1671427020
1197369013
1644213627
1687398770
1711599694
1442054902
1971967351
1768560221
1220130854
1246000040
1752820413
1739928273
1337233917
1494899064
1675718025
1997939345
2144576481
1742987084
1700720163
1055071394
2309623245
1931125961
1653255165
1644273785
1639984114
1496810332
1767981164
36963
1724184385
1042026447
1730365875
1249424622
2090476735
1496864063
1720962692
1644284007
1642477462
1496808754
1724367710
1642904381
1005752501
1686326292
1826513532
1227297551
1190407882
2709579424
2091505572
1784391747
1223762662
1760808860
1642471052
1738770705
1094677155
1219252703
1940798632
1642270165
1838993640
1559626111
1799173414
1400534804
1773100914
1710546672
1648576644
2179483255
1863057363
1655363172
1213452333
1787567623
1736207384
1728765313
1109992990
1640307671
2159596257
1294343125
1276639957
1697601814
1732950433
1315587597
1285805267
2268291041
1960016355
1345467925
1237064237
1642415622
2299824385
1188614327
1743374541
1764222885
1285846970
1738933752
1896697435
1744090280
1266321801
1875393917
1253531973
1272148425
1644881682
1280463227
1218639357
1352130183
2115304754
1198937172
1768198384
1411272691
2238677035
2024231355
1510963557
1307651590
1444865141
1834387724
1490372962
1674155980
1747519017
2287349412
1357058500
1265965213
1673725362
1395460093
1197930844
1750428112
1659261191
1768827314
1650305567
1420174783
1867422881
1211628752
1198392970
1613886062
1772189612
1736841087
1014268115
1644250693
1007343817
1911056540
1220291284
1870422440
1285478591
1733227047
1721410501
1749743667
1893123573
1790596553
1265020392
1039302717
1640408545
1802621564
1746177814
1676511424
1985140671
1277439255
1634074550
1282260120
1813716430
1916338084
1645311413
1188552450
1635641685
1515381814
1638761775
1644291782
1908281777
1721078683
1526362245
1739044924
1746441113
1723454235
1731769015
1682868903
1804033411
1824011093
2501430820
1735882701
1639356433
1438622722
1197199510
1717870772
1223178222
1723426297
1594643405
1741492385
1642326133
1104150515
1454884585
1233178514
1975600693
1747521752
1758672527
1893507505
1213058731
1979455831
1907183965
1728916561
1708317643
1723291702
1648997937
1597978692
1235733075
1076186033
1191808911
1834628251
1210558765
1986010511
1230928585
2189743085
2316796262
1184360955
1778181861
1649377122
1653120747
2203034695
1720172735
1750543502
1688041835
1411683445
1888119912
1914100420
1966539220
2022721697
1903744667
1770232883
1735991301
1790505261
1192438834
1815164080
1952722131
1446847653
1840604224
1627601305
1768408874
1270344441
1213239282
1496825941
1274498133
1191967613
1751455650
1797172625
1740573077
1851875254
1501664143
1228486722
1711479641
1827473831
1244876825
1725977311
2185623880
1589964424
1347626494
1619962527
2038765575
1902077800
1513934187
1373421990
1662949092
1100026292
1191050205
1650304300
1781483171
1940928295
1748261133
1785426024
2048702507
1196900641
1082347151
1373539132
1495504453
1768386447
1735902985
1759328987
1872236934
1793285524
1426865994
1642591402
1646512101
1497882593
1726602910
1842467083
1280060940
1396715380
1866519690
1217743083
1679820405
1192515960
1809774097
1649670037
1450888394
1411845764
1641417650
1713066300
1481944214
1873818102
1773283005
1407219330
1252032243
1710926672
1733401685
1799767352
1660598463
2118684070
1650283913
1698233740
2624791895
1719628403
2088912225
1222306454
1403391821
1731972042
1216388157
1656218247
1904769205
1198251274
1890124614
1345566427
2150574053
1712349461
1573171883
1813538261
1652355141
1662049267
1795603992
1864419143
1257818405
1191104760
1831168862
2044679991
1648237865
1506085847
1253491601
1942473263
1402835324
1660714980
1801626894
1423290444
1885695252
1660252010
1234739511
1865910037
1496878963
2650779050
1499104401
1639637987
1198503091
1195201334
1692056982
1918755483
1642183471
2216553585
1431680140
1920535861
1189615035
1687297134
1740358300
1199100361
1735678170
1258220121
2335992044
1750119550
1218339187
1407381861
1400074157
1744751593
1495518197
1271394395
1643204014
1714732373
1282784165
2125981055
1655905590
1746274673
1411111864
1093622153
1615813834
1265241322
1689219395
1929922337
1904122383
1663293625
1652491674
2371037085
1340406064
1714193955
1881042184
1738253430
1702034483
1734236715
1350007322
1771884205
1645531902
1993292930
1432482114
1246147933
1658715641
1741514817
1558045520
1756644751
1642749707
1211707107
1683299344
1397450177
1494721357
1584713331
1411188513
1691204287
2098807780
1192329374
1787920531
1813482925
1737162077
1195397063
1914187794
2129207525
1648740203
1863445824
1800697877
1870490225
1824681831
1671567800
1740611531
1839963312
1667983181
2092519940
1018712822
1734651664
1699432410
2305056670
1364882532
1713547792
1774173043
1047243964
1688054914
1785075601
1211885680
1289408597
1050896727
2520022727
1803570001
1564391452
1820779462
1230200815
1740724455
1315469422
2196767901
1713053037
1737775937
1649587917
1747267692
1644671742
1261700994
1500823650
1720907691
1663045971
1672587573
2116813703
1436787410
1410501031
2640443261
1692677257
2013969810
1702129627
1064936313
1660366351
1762696131
1617388075
1882911071
1671526850
1856136454
1711684227
1689273620
1644294944
1589937793
1915353872
1494768740
1650337752
1692801804
1927148274
1647678107
1768955554
1708942053
1728892794
1642482194
1253686121
1729736051
1691541822
1866405545
1893803995
1106587564
1400852211
1966314043
1818869207
1730497942
1855953654
1634785555
1673438413
2341019062
1362766720
2115200350
1784537661
1221171697
1063890337
1445617827
1748693152
1808166594
1736042541
1274450240
1729404163
1262486753
1190953227
1956745607
1198605313
2125912361
1834076504
1223224213
1837948162
1893546194
1734076802
2105179260
1832645292
1217042097
1644704107
1764068934
1681213010
1277101115
1690683754
1803445147
1563815015
1408987424
1405982765
1646068663
1646048923
2121075285
1733637632
1295614221
1667422442
2202203571
1720837964
1222526552
2202911004
1918511973
1638920614
1644114654
2141100877
1837086667
1945904543
1786095523
1652165312
1848090933
1749127163
1732701841
1760907864
1843443790
1671248621
2175338034
1667274237
1736275134
1672330664
1435160552
1623666844
1751260117
1686956354
1689023367
1418859182
1659499111
2100634243
1677311094
2618924435
1774800467
1650727795
1643145217
1496912195
1756505825
1735373401
1212040547
1384952882
1782705647
1730336902
1660383694
1742864695
1216946300
1290696881
1246346520
1733453681
1649005320
1243861097
2288577367
1742977980
1712354525
1639946295
1886210881
1729366194
1846784982
1954896273
2137704065
1676664091
1189091980
2166867320
1774698101
1660895525
1662450871
1252373132
1615932304
2016713117
1657288682
1664207987
1913624330
1600139711
1761713265
1073940562
1087475905
1079618535
1856970917
1132307321
1623895035
1732050982
1561023371
2130434435
1214555081
1945327741
1497034670
1574684061
1746986111
1610356014
1666775477
1877716733
1184540153
1808643490
1611664444
1663665981
1152902673
1233486457
1676082433
1593236014
1707679453
1433596734
1803553017
1224623833
1682352065
1259131772
1659626844
1263585717
1913224273
1581572232
1729908110
1244942581
1658022914
1496853872
1794856261
1601563722
1227058703
1887787435
1642825604
1796469287
1445269407
1693496950
2290328402
2477971432
1650081652
1725641104
1609735332
1778758223
1645934807
1277341870
1623557314
1650471353
1557644565
2115176080
1496926321
1057581555
1656962733
1269697130
1762331644
1993284133
1251959613
1369229445
1642420854
1676707167
2242603603
1189170482
1496867825
1304194202
1642730697
1654716241
1240261007
1893801487
1682912122
1797240473
1691954411
1697045860
1237676574
1934137895
1751016031
1182419921
1698823241
1644190454
1461308093
1698473983
2305404903
1768340073
1711584762
1641984545
1787715710
1682662450
1994194425
1263498570
1175929272
2415994834
1959121190
1769902861
2140415420
1839673641
1646417027
1749240373
2098397793
1823370643
1731948712
2131428627
1347858373
1666109895
1222330811
1558616681
1729985405
1622643194
1907573833
1774978073
1173360372
1217209464
1691761292
1282300177
2150424452
1668336530
1778742953
2188014311
1460951800
1341740644
1655537257
1644119190
1734537395
1670697373
1344360230
1978352513
1770244095
1337454081
1603238494
1684232061
1744625030
1189729754
1716658720
1937192010
1691327452
1644296264
1047183715
1502844527
1852379977
1344660360
1738652363
1730726637
1374709613
2292986033
1787016543
1929407780
2214257545
1420489305
1195190284
1195210033
1249729383
1287464960
1136017803
1952807451
1614037520
1378032553
1893754712
1649769582
1213395722
1642084983
1227627711
1689592544
1457723987
1554710050
1909961684
1210417191
1495169251
1026994251
1656689200
31082304
1889939517
1840172567
1242875380
1197151844
1721310391
1254745922
1229860611
1735937570
1234692083
1654562460
1266334070
2170926105
1644081727
1275784277
1414148492
1039800325
1573430361
1646270104
1645778143
1964058893
1602133541
1643971635
1814539584
1964959441
1049198655
1403630461
2124970203
1540274070
1640309871
1827652007
1680442410
1713624107
1648997127
1760661757
1649413742
1194991743
1193476843
2034325732
1283107461
1808509355
1342222090
1483330984
1798145045
1644156674
1660376374
1195910797
1966380590
1666440132
2079293922
2133615055
1768541657
1265200890
1679824283
2120283192
1935084477
1980923321
1302761904
1097201945
2131445654
1701401324
2344961763
2378699402
2217056770
1197365250
1661103543
2373902144
1639127253
1225907163
1801599122
1746263014
1656809190
1459184067
1455643221
1858959472
1004524612
1645609655
1155463344
1567852087
1708593554
1823859411
1842670545
1678297560
1770606257
1646965573
1760945071
1644522750
1644490973
1892744317
1935416251
1245758104
1735851831
1644684164
1458248264
2326437920
1496953772
1715615920
1771925961
1650496964
1232487181
1790931947
1774662372
1892464897
2154481623
1056385521
1316949123
1704191027
1497595933
1283022704
1038224152
1995801167
1628097265
1742912084
1712975451
1665014522
1781424370
1380265057
1495897023
1785669511
1009683417
2115176610
1689369091
1854471750
1655526104
1746604420
1705881994
1661202865
1730714982
1780398594
1800788155
1831216671
1046222077
1277127435
1642632024
1949627131
2024094035
1495033135
1257284025
1738399605
1192329893
1505888247
1640494672
1822813237
1919238487
1404226535
1792286151
1960742327
2105438020
1082490144
1094422483
2458565150
1155259393
1653603955
1314608344
1937439635
1494848464
1103321944
1614796254
1494915431
1640376730
1733792442
1657430300
1409513935
1659563272
2506966302
1791346245
1199839991
1189092400
2126690107
1884783031
1782515283
1660612723
1404928432
2168315677
1705180884
1413971423
1650521027
1987543647
1400122351
1427342283
1820641591
1692544657
1195818302
1808815604
1624364062
2129885622
1003716184
1676228365
2003027492
1719481457
1642571535
1658742311
1229327625
1843325487
1641983193
2434563115
1068127884
1224870710
1558247760
1406244300
1198920804
2332752114
1295718153
2004443102
1288817193
1222135407
1653460650
1374321353
2121208524
1890943125
1537942864
1706948687
1289997621
1740619962
1603596335
1716488301
1303977362
1392859820
1494761561
1254854912
1807033200
1216766752
1270468784
1800441971
1665261300
1418987422
1854262562
2691617252
1763362173
1564266095
1182415487
1764905165
1653150224
2144567351
1299193645
1494759712
1489529302
1925472025
1210604004
1101697915
1565227723
2268916473
1687003614
2142396021
2569352653
2047893792
1273610165
1217330363
1629966190
1602648357
1872918092
1820796410
1719897831
1666430060
1646465281
1267114595
1644492510
2202387347
1654034024
2067331943
1908195982
1640016932
1505306897
1639146854
1400141694
1226825044
1497719315
1785075474
1218987044
1622148457
1220926753
1497382971
1662764887
1402602034
1239368103
1740618295
1628951200
1664176597
1737262117
1621444281
1642467340
2130152851
1688771651
1702771281
1660209951
1644461042
1218508572
1222430350
1774235544
1526014220
1900195764
1879326192
1819461821
1708766151
1496908871
1905403321
1064987552
1838708963
1650205293
1763978027
1797392503
2373564081
1237973207
1732008061
1644587232
2439301091
1690385133
1878956214
1885443940
2218278280
1756434105
1666540882
1907888047
1680902912
1340529235
1321674855
1194868525
1254139301
1651593604
1644948230
1670311557
1494736871
1778857227
1094146985
1921422251
1647415197
1753013331
1173544292
1856404484
1730330447
1733148192
1642720480
1653140395
1776266241
1665699837
1400766490
1737944182
1313704665
1740006601
2364730252
2179825195
1254764477
1644641985
1774657385
1770720885
1706927524
1690696460
1653478674
2652942051
1212812142
1864147692
1433765237
1402662940
1654592030
1644377364
1806819824
1668581575
1406164810
1661327057
1727639134
1192428237
2165090317
1760363175
1640552915
1659441282
1870258801
1584664364
1666225982
1214199461
2058217494
1616887671
1700162184
1665215567
1734415857
1515817390
1496070307
1849726093
1801464031
1725305037
1914696107
1220937192
1712539910
1936684125
1649252577
1644225642
1459358890
1400359365
1854283601
1965646035
1197026627
1962310741
2128215803
1256947091
1497878455
1249159055
1826835027
1406438584
2300420231
1658704130
1369781132
1348865812
1496863563
1361074815
1080084301
1407140355
1394523250
1470110647
2137156033
2483245844
1653062447
2550630054
1573387695
1249467230
1495052422
1962644273
1653845111
1770229981
1897109175
1497337850
1403082794
1893082634
1663363857
1769273820
1729672714
1653714227
1047288737
1222713954
1497662463
1182423615
2340301640
2128472193
1350381484
1887790981
1211598953
1678105910
1645854784
1832444080
1405603123
1794824567
1852220282
1643830957
1052937860
1742332610
2493167654
1734965892
1737866982
1245653042
1235733435
1640570515
1919506547
2277435630
1819733143
2115302210
1985703635
1431308884
1667867495
1644197770
1728840007
1806128454
2130784705
1786885317
1989660417
1336056181
1646428481
1641561812
1529573474
2286908003
1744437535
2661298691
2361445695
1234552257
1657882770
1638629382
1647225837
1732235143
1271117655
1890720072
1644862084
1747514562
2004902725
1497587753
1402828774
1795196332
1761684925
1752051530
1268642527
1863488847
1649750547
1281047653
2032818127
1803278047
1764033053
1891675204
1671820382
1909575213
1180323217
2267372144
1785254947
2461284945
1338738570
1938284521
1452586741
1256360734
2045860715
1808393181
1117384014
1686538974
1043021472
1704116960
1920271594
1495462210
1657239733
2188110855
1790428795
1464347822
1507103000
1400064685
1584255432
1249868373
1632609913
1233065495
1660646684
2526330192
1730077315
1227086635
1046193337
1647171880
1268461330
1783286485
1820585307
1684012053
1829744931
1662766362
1615743184
1800318967
1660141095
1757353251
1779875541
1777984105
1005592945
1191258123
1883881851
1411209301
1191258655
1315707265
1078577997
1496913734
2539961154
1898222053
1815214651
1642224805
1672418622
1711765904
1198251223
1093772521
1641428154
1848155523
1764938975
1764049702
2577139143
1687321911
1295560007
1642585887
1928746601
1738690784
1663586657
1654164742
1197174520
1085359724
1958893185
2085409751
1879687380
1649415495
1295283575
1674242970
1701600025
1504965390
1655884161
1453362770
1729690507
1660452532
1676368781
1830138345
1401563867
1596103295
1750903687
1189591617
1657293947
2018925253
1424710994
1904351863
1249882232
1708004923
1708922835
1668070704
1841391791
1929142065
1730016851
1581873587
1737191674
1150248132
1629810574
1392786742
1152440821
1759084801
2399029365
1041212215
1195525064
1645770900
1946109133
1182425635
1778035715
1562888340
1645847452
1769544670
1212641822
2055428635
1803814487
1221997151
1335936365
1357579865
1494929067
1494720324
1808070580
1400887105
1854743504
1658886295
1734255860
2112642651
2643115233
1968549763
1749963183
1653689003
1060603161
1627897870
1742121542
1589353923
1110550747
1779339487
1705586121
1667486454
1641179817
1629855250
1194026233
1258859614
2624319955
2115304994
1642362784
1210708282
1964895787
1740134440
1645608057
1742727537
2099300141
1265695842
1651079022
1672503173
1401904690
1717257814
1607970987
1748156683
1641532820
1722539457
1182389073
2246141871
1919806542
1717629720
1494850741
1660628733
1653491530
1707093584
1400147553
1740577714
1740756372
1684502353
1652691780
1733750177
1310393894
1400100075
1826073814
1335721235
1193491727
1091964612
1642177333
1665102492
1996711533
1930603275
1561604497
1698243607
1805464273
1590756795
1587723395
2091546113
1781199803
1644529715
1252699553
2392281777
2269625022
1883172084
1769152985
1744501565
1193715355
1680586215
1225314032
1733770795
1497397725
1797849064
1400226190
1087770692
1756881315
1942873871
1647094302
1760790120
1196474352
1412222637
1840257527
1496813162
1454139280
1895570203
1779410374
1717675430
1734317652
1644574352
1813080181
2115297880
1626167435
1684388950
1851599157
1192525470
1396454421
1784586680
1791324384
1589153251
1832447572
2554404125
1263801013
1661495595
1245433971
1920669601
1112492684
2032414481
1299312014
1712826100
1384615417
1554014607
1708288824
1227316034
1876492275
2203539670
1268560747
1238551430
1401770055
1656818114
1806080943
1089012435
1704404855
1414079103
2140261103
1775316647
1642351200
1634368300
1496889554
1151506567
1245024000
1831348402
1644394154
1652601023
1006242777
1170535403
1400882463
1762979053
1221944403
1315741643
1732458740
1194869670
1994614105
1558148043
1884475047
1630707723
1621041282
1759221095
1220924217
1741019775
1744762545
1095802402
1639400852
1864388983
1400597692
1284032347
1748001155
1649173367
1582388257
1645826702
1241996937
1707178184
1737545242
1473218350
1747506517
1264977963
1496952253
1903263345
1766878374
1750185521
1658536162
1658717970
1250041105
1824855921
1765742865
1263406744
1499130117
1282282193
1782007087
1864528464
1646422590
1859534990
1895918803
1768951974
1081086070
1647299133
1406876055
1282005885
1824696670
1650416594
1922542315
1880494881
2011031382
1774817377
1627572147
2115174922
1886370740
1689166591
1662429125
1860762952
1195366567
1759228037
1623080943
1642586513
1496855785
1642635773
1842546823
1670489982
1821259517
1662055430
1722052204
1980478177
1923696041
1868846341
1698353171
1665681810
1802393212
1761216793
1664026355
1879044834
1195224593
1763734444
1218869573
1973011913
1109029891
1641598441
1900887504
1765310311
1249193625
1216431741
1241148864
1641309377
1644206092
1742741072
1652484947
1961887847
1670128621
1877237443
1731985765
1665232543
1187209777
1680241201
1143989585
1445845420
2370838661
1645485695
1193692460
1659914074
1889213710
1938330147
1644330853
1648781737
1739814677
1402138343
1496919457
1197002213
1687429295
1035886323
1195242865
2098393000
1459392060
1764930002
1836429495
1688528482
1733635753
2082389671
2005593915
1764669250
1741128533
1716761743
1657588485
1251836390
1712584890
1236380405
1772487412
1880392153
1401409810
1726383652
1367959464
2121682083
1578839965
1747095997
1829464883
1410882794
1821360640
1674758845
1106957832
1639237982
1177358897
2115172004
1278193203
1578818417
1752051394
1638781994
1225963240
1348026261
1238712252
1850988623
1744825334
1777379085
1907616172
1197951667
1806762625
1751358725
1291843462
1644419370
2418847650
1729944124
1223179064
2179590653
1323527941
1371675920
1920693047
1558226504
1550877863
1311967407
1497385214
1768305123
1495332165
1915349954
1660811367
1878923963
1587362207
1050746712
1505780790
1635764393
1497087080
1210520227
1827312642
1930438617
1216935175
1191979833
1167189994
1241679004
2196512213
1670421223
2115294472
2140339295
1686532492
1197863207
1191220232
1789689757
1899938723
1676561695
1254123322
1888655105
1731948324
1429916944
1645546774
1649393701
1652384293
1269043140
1074172460
1497390470
1743951792
1748272590
2105176680
1650319574
1271542887
1646446167
1798150905
1916318985
1667706161
2525235360
1839626654
1193422815
1629681802
1642294753
1196624615
1097443932
2128998903
2277448183
1134796120
1663418681
1780815055
1111681197
2187391630
1724486080
1071204883
2066785327
1650733183
1642630543
1647172887
2490716581
1780843691
1835254597
2014433961
1645285122
1678026047
1272651680
1829847745
1695110152
1054007001
1717871843
1611215014
1644741907
1717175282
1644208265
1877375603
2116611882
1216826653
1796783321
2168979334
1699540307
1714878522
2441950721
1652472631
1315591982
1681825884
1955983265
1700315953
2282929711
1497327642
1666910853
1670739131
1900093822
1686990012
1350947532
2074827597
1850747590
1733596871
1258262085
1929826003
1639498782
1404336112
1752467960
1745559504
1178436060
1498502972
1706162550
1067103453
1735833683
1772271830
1400844280
1647688972
1734741902
1151280692
1396729572
1222908674
1718622107
1191044977
1362607654
1685367153
1369714780
1642333010
2024532373
1847428005
1786860821
1249853081
1713100305
1649159940
1769661414
1639650452
1400935015
1195354434
1555134767
1949305184
2294849460
1727548672
1501634660
1599464160
1841881793
1195347197
1668744687
1482053520
2144554521
2247657845
1750070171
1616192700
1661349220
1296849181
1198962033
1618051664
1721825977
1610536214
1380274560
1761165801
2250927524
1781387491
1688752615
2189608911
1694438127
1445341581
1497162881
1115674417
1497252954
2234552124
1652194081
1682346610
1647170920
1642051345
1681418484
1313777582
1265057942
1235457821
1644572034
1413304027
1752507511
1758853065
1651123083
2294040303
1763419332
1773974463
1706987705
1044842047
1737694433
2383562442
1707759510
1542850114
1670970787
1909813785
1900022001
1749964961
1665826811
1198404223
1196126832
1648764935
1709405635
1768780334
1771279895
1663248180
1729949551
1650297492
1418901731
2126646782
1657236125
1649655312
1221895385
1807715644
1322920531
1744413191
1745858203
1726868233
1770438374
1678086323
1640775525
1404287794
1511484000
1906438617
1698229264
1858319430
1573167787
2106855375
1972693293
2161294617
1303964067
1795239943
1649036617
2345544584
1808363522
1198367585
1735944882
1864605465
1432376132
1751035982
1749307491
1749073777
1499036410
1299358647
1719010744
2259019863
1859691352
1498522714
2291426140
1721449743
2271643410
1346294912
1738086463
1305366035
1737472277
1728885872
1557721227
1275269703
1402571141
1729853157
1368070100
1657421782
1645101450
1644395354
1642046597
1567680564
1838598957
1351434897
1655009693
1193256814
1900093290
1774860981
1723981287
1888384693
1610132560
1732371013
1106758220
1717751480
1817167865
1769088064
1274924433
1056420210
1649590792
1299532580
1790533185
1769985364
1711394437
1735431001
1342829361
1595150887
1642088277
1930853975
1805771865
1678512213
1650326734
1577826897
1608574203
1806062307
1642909335
1645226103
1644844331
1830527910
1866402485
1677606512
1288915263
1339403564
1649152967
1400353615
1665743893
1496850204
1834100153
1632798537
1777924625
1705362162
1663688827
1517934944
1704091601
1327191953
1713926427
1652006783
1590909913
1642591945
2121745147
1237869662
1644671473
1415571255
1156966391
1644700760
1068248497
1728969982
1193111400
1757944105
1645578093
1656182477
1762719777
1726276573
1782446737
1804386745
1866882821
1423424121
1749261437
1657000630
2411320784
1497682775
1765473432
1760398402
1789834424
1707691442
1649229124
1630126142
1974066684
1188078483
1408482063
1270490921
1197071940
1665356035
1494856974
1978875447
1717159573
1848097264
1220546491
1494825072
1347118243
1649469284
1729721537
1199430302
1774924327
1658237582
1655444627
1735022341
2165259481
1227503730
1429536933
1140467831
1639529981
1727359102
1781379945
1649259794
1670071920
1720741882
1714236313
1650286330
1255687540
1645171780
1302670237
2210799021
1182357140
1752502537
1273263232
1860973634
1253242934
1821898647
1281021921
1197755162
1296241304
1698438040
1197033464
1782840441
1655890975
1658719205
1402766947
1219494175
1354669390
1733838873
1094627834
1803519527
1400368772
1033531595
1311638860
1294007181