2286908003
1701401324
1097414213
1195300800
1746215377
1195818302
3062287903
2280198017
1323527941
1644489953
1989660417
1267454277
1698823241
1997641692
1212641822
1676160070
1664733874
1497390470
1974808274
1496825941
1216766752
1761713265
1655746665
1198220993
1656818114
1494720324
1661598840
1898885525
1946057551
1112492684
5054739136
1221707263
1803858525
2618638282
1927470843
1960785875
1215031834
1744259092
1749134071
2154847924
1458719605
1585354514
1658335913
1915585723
1708242847
1400887105
1358776365
1882632930
1649750547
1935084477
2128213473
1987109175
1433765237
2269103954
1197863207
1889213710
1581544960
1672097180
1735047885
1571497285
1687198333
2862875374
1803570001
1593933550
1736574887
1273658327
3032344971
1130057870
1848304395
1677126410
1417037145
1655905590
1596987713
1584255432
1797042937
3214158792
1298535315
1371675920
2109287495
5044281310
5126675170
1149665262
1676664091
2970588003
1671201057
2284988302
2000961721
1272651680
2740268905
1641428154
2425315932
1726595173
1414148492
1338667624
1222430350
2418193750
1884475047
1362766720
2418168604
1596329427
1606104482
1449533345
3071771124
2285767020
1182425635
2977570507
1497968560
1407728082
1279704637
3215951873
2508112502
1910597850
1698243607
1692224690
1524264517
1210417191
1496846867
1496979512
3037627612
1882808745
1311967407
1912150611
1650188045
2422450644
1659916564
3764262842
2528154622
2494236753
3262285870
1044527073
1965849173
1403497553
1445403190
2416305024
1867960460
2416339134
2359224985
2344505093
1785963800
2416322532
1131491197
1924585171
2619711941
1235640475
1702783184
1789465363
1634353512
1053533805
2184728493
1380043712
1224900857
1652811601
2117146352
1195347197
1831804837
1219760062
2480786135
1180386227
1180860635
3296350545
2081330505
1617288721
2624336930
1510619033
1114428482
5218434471
1419935172
3282669464
2130784705
2782830277
3805201250
1405982765
1887344341
1687461275
1198442164
2989598471
1465346477
3584409175
1220970732
1835393323
3227199561
3172495322
1741355891
2717139060
1648487012
5473661497
2163484125
1944492777
1668244557
1686400515
2600861623
1890872744
1710875071
1778662270
2607898175
2528142214
1404232085
2796930850
1295335170
2292902681
1796676624
2693866973
1960927383
1454382185
1404798063
3645372137
1689577935
2418134992
2533458477
1587473341
2764729364
1785254947
1064135214
2731699152
3102105354
3233235603
1780099607
1704084074
2753994201
1104447097
1773958670
1580368313
1838711395
1699698552
3769534395
1381920511
3197077575
1326562900
2027878657
2754605362
2291282781
2854711790
1559080724
1074172460
3579905933
2811244260
2768474947
2308794260
3186777124
3030412905
2689438571
2432550377
1156195043
1879136522
2031805397
3939426052
1567762360
1726390450
2408714590
1215470641
1959437653
1407219330
2116379605
2233151961
2520254193
1665808371
1401081891
2617550713
1558578472
1567931891
1211885680
1983885611
2418166884
1445708247
1401370145
5355567676
1110550747
2217660522
1782739183
3882588887
1672392695
1356674061
1751124681
2561186727
3285010371
1924011973
1808244527
1018669437
1500823650
1915529831
1649287405
2147458001
1652355141
1188384461
1780853173
1701823200
1921998711
1708180540
3627421053
3964046506
2776519880
2314668325
1910830194
1871871770
1426865994
1655422175
2231578287
1481638480
1403936721
1182424214
1497202024
2379772654
2698378901
3052465574
3542550035
1827541675
1291082001
1786822605
2252363947
1083015650
1846993614
2418156410
1242941544
2103930087
1745719040
1283201960
1965163542
2415816017
2636180571
1342222090
5443618175
1790617925
2271292393
1863878181
1003256662
2654316627
3501117932
2060640443
1220241631
1894002661
2655733861
1617242303
2700138820
1973921933
1279943763
2037580603
1219703625
1195266092
2528049640
1497616314
1931511414
1862891690
1260912167
1690884751
1918119523
1667522910
2137815951
3953291797
1040086962
1180291890
3243067320
1065692517
1717857481
1164761690
2121882814
1926532440
1847082474
2771032387
3166548147
1333419640
2187900325
1776361441
2162803937
1800886033
2268909494
1911293223
2687921195
1224921330
1578632883
1222908674
1496911830
2707680023
1861477054
1651190807
3952344537
1812032970
1680632893
1269176111
2043979981
3096247673
1780771814
2006366891
1046729140
2669770500
1189926755
1459272740
1906970793
1544593902
2004314517
1235605375
1657439232
3540915392
2260997901
1642046481
2935699172
2707908430
1877711983
1013897204
2648404715
1873112902
2301762597
1223783244
2374428350
1757565333
1770789671
3274159542
1549591803
1948480455
1907056614
2005195045
1951129741
1924591285
1726416662
1025892851
1294978291
3575186384
1884245222
1147828471
1289953300
2930466432
1494915431
5299078958
1921676625
1240043751
1647170920
2087446263
1658443793
2020017453
1502150350
1271366733
1805673751
1420039745
1747170057
1684820892
1236002955
1239468905
1744130551
1445768103
1575142931
1406339050
1671386130
1257284025
2438265760
1459566860
1763998495
3535316072
1458248264
1036168240
1048558372
2685051773
1266416375
2453475203
2131868565
2429256930
1213477011
1709510063
2143755084
2558775063
1222371415
1445937283
1964169017
1682167914
1689275022
1443266094
2150758415
1836253511
1310767952
2501511785
1762791417
1566370104
2202418750
3109855675
1496904254
2549601531
1293968875
3625418655
2090675067
3267572583
1709086953
1591382355
3881150636
1692988562
2342740235
1850188817
1867903025
1930923483
3217848597
2367365660
1623270792
1341625643
2637060275
1757045181
2781961981
2136055355
1510017057
2205687915
1286958102
1233753457
1831684561
2830895214
2635695961
1265211792
1217433741
1798209111
2104867435
1682087151
3227020453
2081168925
2257761625
1238510920
1407149243
1274303564
2052388333
1877310374
2251830307
2069003321
1670363364
1588240045
1351183294
1757802567
1728995155
3803775085
2385202427
3272754880
1213622733
1087536341
1181123481
2107178752
1436967211
1911305863
2626969127
2385154602
1242221122
1940231843
1036292481
1457158392
1559735653
1283050744
2633738387
2193980157
3884247481
2479985097
1402997594
2015671175
1677306783
3007660663
1402942824
1192230491
1922682427
1921150767
5432993817
1250781892
2884586624
1824232143
1716568555
1708456194
1846148271
1773866444
1568082683
5297222697
1410640647
1661873982
1270952305
2151048333
3501248655
1651190430
1344475314
2651670763
1866934667
1105596542
3176105483
1042023490
1829083284
1442804532
2051765814
1234865357
1653113924
1834866780
1660207864
2202576907
2927612341
2367142151
1856848404
1658951274
2436174970
1161505981
5037727026
1866235261
1773376794
1042501662
3299915650
1428044277
2941921692
1495090737
2397310880
1406660260
2035895904
2288763970
1218461613
3201005704
2704071650
2505697571
1829013617
1527318174
1315617462
2619183550
1275201424
3503316942
1715826062
1949706685
1099315173
1048355927
3678831590
2646776103
1231668867
2765761572
1737416953
1661213821
1734352357
2271145993
1650486077
5455732359
1455690987
1599592974
1824131705
1918557523
3908369689
1844371497
3861603447
1905352345
1335827232
1064497297
2453713905
1963883883
1683649604
1017291343
1764769467
1258879900
1132395742
3794240230
2116872012
1730335911
1669400490
2938362205
2631016945
1758199247
2186149782
1541385821
1953572007
1535888400
1644646557
3200626714
2261166151
1439163563
1281762594
2104443265
1686993372
2785998592
2132089917
1253885823
1707905652
1925267785
3078497672
1444736050
1631394090
3086560070
3274600020
3320127782
2832656314
1684916935
3841644842
1171418411
1216350841
3461946614
2649084747
1371591277
3685615842
1641468822
2213022734
3211765335
2588954371
2035709592
1998017555
2782307141
1428355211
1878603271
1319417172
1193610101
5333084769
5277785966
2590730652
1435822991
1886551717
1767577835
2786772132
1101247167
2595669667
1916966323
1218709864
1469329942
1698423272
3640553701
1926967095
2034588641
2876127394
1719859222
1656752764
2032861965
1302926637
1688984294
1281451412
1157870272
1832825241
3276084295
1435893624
1356537520
1764682744
1410090120
2476458562
2458371534
1862447062
1498656973
5232437744
3170766712
1680819925
1060124170
2303070274
1895931385
2809361491
1088849845
2446316761
2726419985
1360100124
3471566330
1449722275
2117243042
3774310501
1403491925
2012533895
1453722164
1654085213
2201109250
1867754284
1450262065
2039924963
2964269614
1619161030
2150835921
1375964480
1405224671
1905975183
1262954967
1683205152
1051973127
2335769290
1931379303
2878359422
2316306394
2392160992
3392462570
1015213950
1005223987
3731618962
2406284983
1679668407
3319335554
3757835232
1823514781
1656819515
1912308325
1781461195
2120120242
1610869900
5104092198
2688350163
1859508735
5022803007
2198692254
2104931705
2425660650
1594726193
1234732574
1873486855
1271525320
1224921712
1867805740
2174847535
2131666011
1772842994
1763538193
1424250854
1239723404
1656316841
3666671077
1160773477
1904653847
1275638644
5235789321
1228369817
2731482393
1283245351
2931684680
1682534647
1458714251
1808852430
2392983193
1254535910
3798142167
3425646764
2709615473
2164864917
1422162807
1822545283
2290682734
1099135083
1269731254
1774987535
2876597762
2191648181
1299179315
1822673377
1842986105
1894238234
2431433820
1278966590
1238019837
5466596446
2818712112
2564201261
2308503797
1402278650
2048258693
1588366580
1750489614
3213485904
5364595560
1405144424
2348158060
1904791700
1804957191
1591153625
5282577431
1244458945
1802421177
2156075053
2509722194
5124514545
1654811311
2627453693
3658813957
5322957384
1495100927
1062865190
1276502204
3218148280
1664651455
2026765633
2169309165
1425318815
1131364907
2748445161
1854152490
2712608843
1281102832
1008862515
2114119925
1367212141
2709366843
1709074595
2721834601
2002693623
2323668352
1886437574
2837827812
3608805745
1873742852
1498799934
1662245660
1751688233
2275583990
1825717487
2498948744
2645443762
1831492230
2278126815
1686688992
2647679665
1498574530
1601410642
1973999133
2676643757
1254429890
1340756957
1921495471
1201764242
2278181551
2600629340
2584784292
1972364435
2166814092
1321491157
1644631312
5023587953
5015882331
2240439783
2111027711
3313244745
1269233577
1650342677
2955931642
2954371484
1741124047
3252194525
2302873257
1700020304
1168599194
1877405305
1260715404
1912168083
3028215127
3912346781
2090280757
1223839023
1944253980
2088335102
2738364012
1687287742
1677494241
2550550821
2712068823
1591680740
1908198995
1588121522
2936440437
1639517374
5078042479
1898082473
1969709111
1223934624
1602803553
1739163321
3503368467
5449754060
2539768340
1262716254
1771435185
3151716504
2760669195
1307073800
5468016132
3076331154
2656905034
1688839322
2979945954
1663815940
1446638975
3973868779
1601308772
1280572287
1336859732
1230664611
1327974757
1870979517
2297876780
1673712783
2550414353
1957641340
1006582947
2078765641
3325947642
5451196312
2187980350
2241355030
5167603168
5452118509
1364383085
2385386957
5451198214
2425311722
3107508740
1150304235
1202199730
1421178043
1827482423
2313588903
2715267103
3787087562
3109804951
1022218374
1157848754
2823882312
1562633107
1617529163
3251309964
2654151292
1747330101
2095592872
1446270674
3423458074
1118256341
2035410364
1227288785
2123149921
1438264557
1630360660
3982117146
2132305203
1923157207
3107181053
1712582755
1822320664
1710338954
1726489357
3626437205
1282757223
2640506410
1885583764
3198275062
3167038861
3912302567
1063889947
1228355051
1693936350
1937434172
1151642911
2707829344
1424246091
1419112657
2256280835
1696285514
2318757593
1458441840
1928184741
1933223571
1702256817
1998874011
1688537532
1859895650
1094557247
1933585151
1874515857
1711160991
1917397387
2163005471
1973617823
2603491987
3856518523
1195975854
3216581281
3227081164
1262340243
1287729031
1341486131
2752172261
1872883924
2906015121
5305613670
2519106593
1729398254
1701830465
3817030850
2294316500
2530092075
2442834893
3625975797
1714485025
5269278688
2000115213
3199236450
3170528963
3168347660
1184470052
2028253003
5338387879
1820779464
1926690864
1665266270
2105402125
1917163620
1703671917
3814164092
1951624123
5063527038
3005862632
2094056344
1723163835
2806442970
2893441863
1234751441
1598689202
2967697822
1166479183
1903199523
2148249622
1982282797
1655019073
1747780592
2232566011
1449252687
2180306431
1017842804
2649762111
1790215963
2116858990
1962073381
2092100412
1646884002
1750330847
1342855453
2163742407
1072805395
3941094672
2429385307
2157953304
1428320910
2114814612
1999726491
1351285321
2827302351
1343297367
1834934615
3066892131
1849826655
1990329975
3141356561
3169457454
1296209285
5130991599
2743440065
1407610405
1405100831
2955779907
1290916175
81012892
1862675533
2256188060
3985425796
1934761244
1499015544
1578867955
1895796590
1655132843
3273453625
5127098030
1275167931
5426444638
3675671081
1782531377
3857044834
1245305734
1266748890
2276234482
1760298927
1419220894
3159501163
2101640031
1065242271
5200475560
1227033541
1945545667
1760357782
1966214104
5173749493
1654531144
3671341291
3047729135
2175490552
3642437191
1956890840
1639407245
2556407821
2675818190
1244703953
2379090175
1727712425
1070139362
1458379310
2095966717
3312088620
2833476750
1228385405
1582156024
1836370427
2480146047
2360032055
3440018362
1498502670
1298254337
2290810442
2347711525
1624488873
1237950234
3555307330
1236556291
3226596030
1921726173
1652939362
3490700531
2119293927
1857326734
2121496817
1411535294
3812410205
2040124105
2184171197
2024450571
1598589474
1262714933
2456993703
1953913991
1850374111
3876115638
1202586970
2431035101
1221916627
1234043991
3212541942
1417138973
1917112561
1728412524
3810101585
1506748531
3092829863
2539588250
1273669402
2793947085
5178474042
2255757611
1676888521
1225279591
1048153285
2626284383
2104537751
2029684545
1218562511
2860663494
3564588873
1908120593
1826661034
1049409793
2128433953
1764058362
1707601995
1402732772
2962762622
1958089975
2712747533
1583433904
1702736567
1777564187
1862074334
3254246715
3121175060
2642724687
1009391435
3009585231
1796676387
3294750323
1935971785
1881360462
1864524221
1801563162
1263183315
2644709577
2415630363
3230760184
3437272470
5027634894
1655424703
1645090081
2150289534
3698200337
1931269531
3288259375
1249142181
1317161947
2068411905
1155836343
2570585307
3026334563
1064568127
1595575071
2232345785
3868872375
1875569297
1761194135
1360258721
2178712171
3019025514
2711434981
1907144397
1870918834
2374976490
1999500943
1217916280
1962710377
2165126245
1118362191
1365278142
3617695655
3268761462
1734430753
1801366613
1802663263
3279710155
2946783170
2141526125
1629593197
1269072311
2305350414
1677087295
2100457952
2372051941
1956774494
2832215467
2866079975
1042816623
1443592257
2198900423
3868055559
1768792852
2950632182
1644522750
3220455423
2418131880
3220595073
1452168002
5086055663
2493750735
2747123055
1099067655
1671268682
1763094262
1832493430
1927995687
1610586630
2117924507
1430045430
2015728445
2455125641
1270060793
1110687265
1200408322
2248398031
2648188253
2591785044
2073536807
1735249013
1424390047
1821859567
1687622307
1358080031
1340737234
5338328852
2254179357
1718315287
1142690733
1789916644
2160207185
2232564467
1314213541
2814280521
1806662321
1093321700
2130549493
1643937210
1704809042
3929833790
1439730747
1439273452
1477662941
1595444320
3781224072
1213687703
2294816804
1134411033
2304457900
1065101375
1345928051
1152401911
2594074085
1963703807
1677486680
1950863425
2356191645
2057797320
2942270197
3129135792
1812284932
1886743422
1265416255
1284705994
1750735690
1795488853
1413019145
1673381033
1747154730
5174063087
2419821401
1749267185
1716781462
1302740801
2005242107
1214138607
2987534411
1801395661
2003409621
1617143413
1016949711
3105085065
2113320130
1770826513
1186677444
2476313794
1905673675
2660908452
1621993321
3107660895
1679224214
1805009413
2271273404
1750029464
2533906680
2419153892
2788052470
2702341891
1593640392
3696488624
2480607734
1449792254
2962847235
5335931161
1769832235
5473109037
1718594454
2175252250
2527921650
1429418232
2850814387
1891563445
1660143890
1864910724
1266242443
1914292763
1115076730
1539448274
1150763314
1001418093
3919736448
1641949392
1265125667
5125047093
2054364471
2933146393
1050089427
5166900111
1159564995
1820479597
1389226880
3231723342
3743088371
1791041965
1664612527
3266196050
1453111685
1854893247
3219800792
1869618977
5307705812
1251754160
1885581622
2720817371
1255865594
2953845270
2672510592
2594189222
2357156820
5326065595
1733558403
1674285991
1691377843
2751242167
1722233553
2809564911
1229647084
1280781641
1401239117
1592616687
1401806457
1641317201
1221392391
1514317542
2006589653
2672687873
1913575547
1284192807
3486080964
1677890327
5156684311
1133451940
1114624873
1401720573
1893612681
3198754000
1690626962
1620564675
1850424431
3301721213
2475577655
1424887442
3220480657
2129871197
2330040045
3486432614
1400663352
1416987933
2823386172
1407992655
1878958144
1446652755
1769552225
2975862435
3269800477
1745252393
2140627437
1229177574
3950216614
3032371214
1432765150
3024782524
1493416894
2792664703
1645719457
1212429112
2118756593
1740279652
2072095563
1635806445
3253608113
2597207583
1644345867
1740479667
1394070780
2988136341
1893107394
2038985672
1821971485
1256920014
1416050543
1646778975
3192460660
1403688515
1497392135
2430567703
3883697171
2781986047
5381010739
1238015704
2271412125
2087552364
1889672082
1506390855
1957588874
1436575971
1785103714
1086978541
3217822525
1598155761
2709048780
3093874047
3813975280
1913286373
2632873913
1517140790
1934493843
2681935211
1868806521
1251343504
2831287620
1466177412
5334684317
2239337090
3905040542
1082546785
1936837302
3199759721
1922582353
1660993874
2077873353
5133398373
3304782022
2281949920
1688866592
1726040962
2343802071
1497350833
2708261955
1694045880
2826171734
1979627674
2105416303
2698710503
3986538994
1064016235
1759269333
2693938261
2521506865
3224228343
1712284613
3001542862
1833708632
1196204234
1887177481
1358894645
1595109631
2088972837
1747774515
3214103137
1400888985
1697890182
2866775674
3201578574
2792904375
1890862545
3314161634
3042879683
1292028413
5067914848
1662432361
2245762021
2011786093
1744126212
1804575715
1409732152
1543562965
1599405867
3478743803
1273597250
3137801381
3943517526
1457074493
2542499897
3937653731
1286335732
1688888311
1445775771
2163133814
3178490202
1425677920
2826958355
2660506187
2218890993
1721810437
3914731091
1843994067
1860110300
1028323874
1192882784
1254340930
1250906455
1061762455
1563875497
2885686107
3234645310
1220053071
2458499100
1960737497
1697919453
1048026504
3042806404
2691890375
1839149015
1274826194
1842021144
2300580090
1923955545
2364290440
2292453312
1262805463
2737489542
3199390581
2705537720
2044859165
2810510185
2545195900
2724297491
1782296555
2418292800
1394705075
282079736
1049130444
3196944147
1079763584
1440601922
1783429842
3807204719
1080765682
1917670011
1987297047
1110568012
2343763002
3160450123
2787886004
1404191650
2301131682
2374996341
1670887750
2182045313
2820478922
1313986104
1746452500
1780466135
1936655625
3625630024
1391457713
2256272734
2906116601
2514280315
3342751054
3042626955
1733829430
1497003952
2941833105
3811480683
2922676933
1984618961
1781605135
1433280737
3201475064
2765169901
1757849635
1805304654
1722472302
2231258627
1630229244
1211853603
1870530032
1102939912
1439589664
1564022857
2323123300
1311481445
3219937973
3186481552
1615652325
1081435720
2540187460
1884731153
1989706335
1810536237
3592707275
1199621053
3465636722
1760362450
3546766120
1710162652
2701317942
1999500687
1266938852
2025630777
2122862050
2943614300
1286582282
1680851713
1994702387
5332041449
1813128080
1768044145
1902514420
1196952590
2639302912
1394546711
2802047244
2328580404
1406817241
2035658783
1451280784
2626410903
2546136573
2426776853
2820962932
2640171347
1047434713
1105989411
1640255292
1655641975
1445599750
2049765170
2210022654
1863285070
1818878844
3196293604
1469194930
1774871710
2157271672
1693025050
1786018395
2377250054
1883888905
1418695864
1663907807
1624888815
1267478803
1231325462
1867483174
5358235626
3170836777
1651241757
2493385131
1792675011
2870034882
1911187345
2202775263
1082939427
2048333397
2284392502
1985238167
1878793151
1595995501
3022704283
2020477491
2604393523
2563218995
2677070175
3678022110
2098757003
3662688001
1729850843
3413668640
1032500695
3688851197
2345075772
3221095837
3264200225
1778820745
2291481300
1657156945
1118859730
1585581065
2862180420
2013397822
2271611332
1763758725
3939653718
1242345221
1919110185
2103538954
1225712967
1814223234
2827064943
1733771273
2184224280
2630459903
2069020824
2653438717
1370955692
2636717550
3982058633
3890085554
1857531860
1337306653
1131139235
2053555362
2006604664
1761374050
3071497062
2370964350
2739302311
2614085431
1693554234
3957138974
3994142429
2826050202
3219802680
2739759105
1738678102
1760429031
1806748675
2850851020
2301601637
2102252534
2240139973
2543641744
3140118711
1642204975
2127896472
2651196541
1789566773
1143516547
1921962654
1686709550
2506348932
3816953383
2621248671
1644351237
2159071587
3516353941
1780447905
3871839458
1646444777
1933106944
5267935735
1369285131
1271403263
2028415391
1938160247
2292656133
1634472117
5314940955
1616348670
1179526027
1805292164
1252901637
1814683123
3606871283
3293300821
1508371605
5225736965
3596477795
1852576875
2823571884
2159290653
1526131732
2315460683
2217120690
1822516997
3260885723
5321437712
1304708521
2675353041
1765154402
2238433261
5127402172
2687039212
1902637820
1418056802
1361399764
2081673287
5068682592
3031990014
1007551470
1581182203
2659108590
1739637837
2730586581
2604349571
1351372143
2191073702
2047625345
1413412445
1366151752
1614949831
1834643247
2690902703
1402646841
2653625857
1047999430
2344532741
2270975152
1814003134
1958466301
3831396163
1657133130
1666285261
2134384910
3443459232
2352894994
2809656504
1819962583
2611378052
3223352095
2342377973
1498582577
2809293025
1239786564
3983369341
1404942175
2705331505
3217638175
1257431912
3713965642
1889349865
1919246407
1154446294
2074320352
1238974180
1410359020
1422090725
2235972447
1649218244
2426217500
2768282943
1639646377
3279043785
2699443482
1197218445
1224389307
2625369250
2985696103
1398796084
2351238335
5073042117
1390276084
2000421531
1226984920
3191504367
1688365570
2653194093
1066628930
1812723341
5202188270
2189802662
2073678035
5241083810
1072382481
1742873094
3973508856
2075135731
1389244840
3225879610
1634712755
1393066920
3718076862
1494488837
2513025087
2235327342
1611720002
1267831823
2030126721
3024501042
1701186295
1832324531
2241191971
1668255762
3078915545
1434783720
3213044281
1890219312
1964965597
3477612864
1528656114
3267069425
2407533163
1286410951
1750685111
2704099683
1947404737
2036017800
2970157007
5362454856
2883730714
1427910462
1417775182
1114580080
1282160683
3097754027
2126946067
1695430852
1694125787
1692919345
1082224280
1848922181
1742316130
2384106894
1057023241
2106118682
1254719534
1806712494
1653196481
1016926271
2011330750
3941065008
2195674974
2273688413
1763001532
3626429021
1403615550
1809078142
1814434532
1376370714
2535221775
2676875461
5313173545
1714367494
1497575001
1342074402
1852334762
2636629845
2610567311
1261004882
2942797230
1788898105
5297036603
1954715703
1105243673
1301940611
1948810273
1097520075
1492709692
1263757597
1920297837
1891079542
1940857671
2060686065
2722892921
1497842701
271699688
1821729471
2502355817
3199398221
2033105150
2953596834
1930535115
1557875825
2890501463
5016145300
2389317281
5411540043
2339262285
2655289001
1230186082
2689298345
1515182953
2157440742
2062570873
1863406992
1830984707
2129290111
1597207322
1648752687
2384620170
1459864185
2846325874
1770987303
3812369882
1105681652
1250269377
5013370700
1966120605
1651189442
1118032544
1979325043
1995897537
1252116552
2317078015
1342857337
1246865123
1419652161
1216376782
1203683340
1063947092
2265684132
2090374014
2865774122
2540104660
1051838607
1448177002
3841755056
2907366397
5031124979
1428731377
2573115380
3191930097
5253549570
5322214380
1779578953
2042610532
1067153151
1083372685
1418403533
2196095842
1408354542
2108587442
2651044565
1334830122
2771250081
2454725262
1885044112
1958456923
1737678043
1161502480
1581125934
279007199
1924213717
2161462530
2613649195
2607017284
1095474660
3175660207
1415358895
3215501184
1154304765
2301009661
1732045507
2479288444
1852974982
1403454362
2380550975
3829705261
1763125392
2768290090
2127332001
2425472131
1168815242
1751501125
3118531003
1403696382
1737440711
1681963563
1870685701
1227870422
1133280083
1346261585
1747200084
3670454517
1896935583
1218449700
1256266363
1574800601
2088375093
5014855962
1014952105
2546717585
1364861053
1218754321
1742759165
1779843947
1996922681
1927932711
3013412003
2035124285
3983673636
1766731375
218376950
1720823835
2019730624
1311031242
1967036820
1400468190
1297959984
2993048860
1650535570
1259215934
2203364320
1403938555
1296506197
1607967425
1448219752
1495146703
1461532225
2678532391
3020120955
1262632003
1270230785
2607974061
1438654535
1347967185
3091066003
2629064710
1926206605
1623394642
1961382951
2660862497
1740618174
1659429297
2576257110
2636084093
1962173601
2662833617
1224442887
5217917189
1098970627
2486716627
5186961993
1761405464
1117827154
1226291077
3679407040
1036064153
1230835377
2635494604
1436741972
2488084631
2000494667
1836697715
1731159947
1660791832
1961658655
3956083117
1287928150
3781637277
2119533151
1249967012
1658239147
3961161697
3946034889
2795098331
3145748070
1588235042
1738187022
1949481564
1654512960
1653397340
1642298281
5153919208
1942183515
1885640514
1659650242
5079906960
2767850744
1671619542
3877031973
2249126554
1828545161
1646464540
2875027392
2499545522
2932249535
3037651677
1616047867
1793848741
1220633147
1450984917
1651750314
2948239113
1706570957
2248720392
1631079792
2053094647
2725506725
2099678287
1028777820
1919039350
1909503555
1585639997
1426583831
1910134245
1918074462
1143197407
1984204251
3701262735
1756726347
1039238814
1726880340
5046519394
3308419733
3851881073
2377671890
1226466811
3463921592
1729786494
1848034592
1655774007
3277230890
2767558427
2094133932
1225632561
1821153727
2278069507
1497072222
2012363171
2337450993
1938598014
2021567211
1830771084
2687183785
1668763513
5073208452
2101966932
2476928055
1778776920
1720965111
5280801338
2288932534
5306535995
2108068522
1831434777
2071139193
3739064474
1822408911
3157350091
1409587050
2645805143
1918367370
1495146464
1768404330
2173422680
1767919651
2558429385
2165384234
1951751851
1301578533
2624954687
1353572581
1749574110
1212431772
5179850391
3796709420
3502947732
1910929133
1205808075
2060430271
2305462172
1624481682
1811635061
1704561491
3877305238
1282047450
2268558540
1295687483
1672236904
1143631444
1018184242
1498918541
5084542132
1031100307
1993225155
1448070090
3236340162
3776578515
1618042212
1144909574
1093156933
1577732070
2459929005
3094339627
1270440890
1917317312
1647713893
1791214331
2623113551
1459298073
1355475994
2551068401
3154155911
5143200709
2161825131
2096545183
1642750082
1980926775
3171329183
3266881642
1337006533
1659267251
5230807804
2980241042
1481324167
2266257414
2012072834
3459821252
1902686565
2621880513
2030420151
2359765111
1966850262
3131239893
1740356293
1936559590
1614432350
1802646395
3708564301
2807311644
1667807673
1926758254
2327990883
1599459791
2564706437
1815242345
1408026355
3041177113
2173221375
1944103785
3103837003
2730951734
5153131715
3013901387
1403817945
2778007447
1599649462
3312865730
2428135495
1663551404
1926227422
5172059020
1704280507
3517576393
1049208555
1628678620
1375584354
3868360465
2531541285
1827744585
1862386965
1870555733
2274451535
1406508912
3230728751
2014781881
1267382703
2301977973
1419338885
1035351135
2231410772
1743752582
1032934293
2145337242
1613829102
3759697813
1874851217
3308828227
1400147030
2513365160
1873789321
1603933053
1568478295
1691129064
1654721634
2960904892
2724778922
1205194452
253565
1402826951
3169709164
2536650034
2514846743
1784188803
1611612070
3073211055
3097612855
1739598801
2784227912
1284560890
1426909602
1803975550
2096060780
5416190415
1047905121
2532853825
1670232545
1415008367
1592112162
1018057777
3238143192
1902394091
2020906707
1920381351
1886931271
2396609630
1010912057
2214950473
1229327961
3036566910
3905169850
1283440131
2004691391
2210759602
5473350032
1116504785
1738012937
1068683630
3006825263
2453228950
1266957627
3645117067
5296221720
1799615670
2125576374
1980310023
2183271771
1877859673
1818978365
1642292714
1616430541
1645875054
1892582435
2143128401
1400693901
1557832594
2661788204
2971749192
2034162573
1557697681
1640226572
1087763123
1922463483
1324203667
2073411153
1401098222
1649586720
1635045400
3911342519
2313501883
1973589075
1699445921
2049122362
3643245787
2102662870
1678122810
1764068743
3175978773
1655686904
3173706697
1298506164
1822130530
2634745143
2400480383
2240739193
1874250794
2074882203
2118697474
2280771362
1659481615
78445449
3226465515
1930618214
2621156237
1798115710
1719761810
1842092195
3912071967
2271892592
1713739110
2808621460
2901316563
2253757574
3872731219
2500952912
2335173551
2472418270
2343806065
1496753387
2128202643
1061983130
2937021607
1895312903
1492707053
3276726480
2657490594
2900706577
2173819934
1790752557
1152312443
3971644581
1660198970
1645852963
2304540973
5166204084
1821212340
5327720806
2003375325
2650522093
1687308933
1377447814
1548262371
1303337045
2006347471
2413545292
1979706524
1497219437
34153423
1199333304
1252058613
1697504682
3031403761
3864870807
1229778821
1886387535
2040063572
2269718777
1760436443
1728437743
1275118811
1959948944
2711668752
1794698671
1835379014
3608730232
1800004242
23766753
3474789032
1719001940
1679102410
3286818614
1954160245
3023794181
2758478015
1947899743
1145141111
1604692373
1153316445
1861348762
2132483722
1595490205
3233873570
5112725375
2156349854
2104171251
2773440617
2632784940
3914273220
1051980980
1899643331
1822106871
2657332771
1495172547
1236203441
1789946633
2450672907
1196702455
3166459110
3595652102
1651421631
1384843935
2022712664
1728123620
1975176911
1408347731
1909138281
1911121455
1890038625
1879701205
5049677722
3926567262
2778077212
2742492057
2441150194
1909458681
2104432552
2940361870
1359627541
1610917833
2043708061
1218554177
1869442182
2157687203
1301151605
3428045450
2318733884
5030870644
1298923187
5297473792
1868083927
5343172639
1911112790
1894653615
1291063792
2940715834
3305328300
2611989451
1883706005
2164643753
5321242214
3361531360
1572172271
2208703620
1975477593
2234946154
3990296023
1082734021
2436025244
1905430803
1806937795
1325607661
1087233857
1585310531
1060335132
2655191687
1304269965
1247348270
1011151757
2066628882
5102929469
1677863974
2050334361
1882413773
1269132841
1060978274
1069802955
3327368374
1587210077
2036783933
2044730937
1760036217
1916595505
1144639911
2173864957
1969096283
1671394422
1501903841
1220554941
1738464557
1568524550
2615345631
1146557342
1835727762
3549259065
1868866054
1656451577
2200904975
1009680765
2078534663
2231036031
1971780611
3887678326
2180895954
1110840514
1723818747
5332816692
2663540601
2694240303
2706169953
1710037423
1784999425
1819590427
1738360917
1666944534
1695950424
1249807515
2772305421
1212490110
1657195852
5445236662
1793773542
1645665632
245273262
2615401554
1413561903
1676636470
1399574105
2614553844
1835320935
3820809815
2792450664
1938968054
3262775382
5051106563
1700309611
1905656807
1213676462
5225822721
5165962677
1283753633
3075410971
1679713560
5143043086
1143870944
2827159471
2277673344
2141564977
1061751571
1025419551
1837783615
1908897502
1749083514
1356603453
2792495234
1946511997
2694596642
2093437955
1400860767
2307802501
2567730350
1318307677
5310355958
1418810013
2448957754
1768414062
3931479409
2126915662
3802666651
1301858237
2345147052
2638962162
1693874311
1621622412
2611366973
1734240301
1676615524
1833607084
2778700907
1929157893
1824867487
2508192351
2436187761
2312236201
3183807944
1407128942
2598742140
2496638594
1644420665
5278180537
2440054832
2341488280
1646522672
2689023382
1946475695
2073602727
1595287032
1928012173
3846234486
1826282782
1500260942
1991951861
2024124873
5486282532
3002549393
1572271641
1401978477
1699188847
1930015375
1219208410
1290275744
1653364487
1794052095
1424909071
1785825733
2357359911
1420941990
1669759112
2070251200
1885876212
3711006305
2245239987
3756230380
1649439343
1460439234
1949922510
1281639253
2906836615
5178439273
1642473203
1396165173
2326286947
1228509204
1825167363
1444312381
2100105580
5387335990
1776640301
3817249960
1728736941
1652917881
1099867380
1963332333
1690405990
1449053955
2042524743
1495073605
1629808074
3192524387
1789739210
1659806004
1554016867
1293066843
1829214565
3151965543
1230127223
2038845540
1651210243
1457750162
1903527521
1672494390
1592341522
5314358263
3613253784
3412384740
5326690919
2115889450
2018023572
244998497
2214483961
3607539045
2153193407
5413794613
2109909725
5165732153
1648226752
3071501425
1840626701
1219462065
3966891968
2080941397
1956208537
2288337534
1056529207
5185600358
